8
0,0
0,1/2
1/2,1
1,1
1,1/2
1/2,0
1,0
0,1
3
6 0 1 2 3 4 5
3 4 6 5
3 1 7 2
3663453522564761/4294967296,22885004084254805660229409925056498138
3663451375081113/4294967296,22885004084254805660229409925056498138
3663449227597465/4294967296,45770008168509611320458819850112996275/2
3663449227597465/4294967296,22885004084254805660229409925056498137
3663451375081113/4294967296,22885004084254805660229409925056498137
3663453522564761/4294967296,45770008168509611320458819850112996275/2
3663453522564761/4294967296,22885004084254805660229409925056498138
3663453522564761/4294967296,22885004084254805660229409925056498138
