8
0,0
0,1/2
1/2,1
1,1
1,1/2
1/2,0
1,0
0,1
3
6 0 1 2 3 4 5
3 4 6 5
3 1 7 2
6075636034128715/8192,313482503122628347492786970332852972541996101041
6075636034124619/8192,313482503122628347492786970332852972541996101041
6075636034120523/8192,626965006245256694985573940665705945083992202081/2
6075636034120523/8192,313482503122628347492786970332852972541996101040
6075636034124619/8192,313482503122628347492786970332852972541996101040
6075636034128715/8192,626965006245256694985573940665705945083992202081/2
6075636034128715/8192,313482503122628347492786970332852972541996101041
6075636034128715/8192,313482503122628347492786970332852972541996101041
