34
1,1/16
1,11/16
1,3/4
1,13/16
1,7/8
1,15/16
0,3/8
0,11/16
0,3/4
0,13/16
0,7/8
0,15/16
1,1
0,1/8
0,0
0,1/16
0,3/16
0,1/4
0,5/16
0,7/16
0,1/2
0,5/8
0,9/16
1,0
1,1/8
1,3/16
1,1/4
1,5/16
1,3/8
1,7/16
1,1/2
1,9/16
1,5/8
0,1
16
4 14 23 0 15
4 13 24 0 15
4 13 24 25 16
4 17 26 25 16
4 17 26 27 18
4 6 28 27 18
4 6 28 29 19
4 20 30 29 19
4 20 30 31 22
4 21 32 31 22
4 21 32 1 7
4 8 2 1 7
4 8 2 3 9
4 10 4 3 9
4 10 4 5 11
4 33 12 5 11
-888888881,0
-888888881,0
-888888881,1/16
-888888881,0
-888888881,1/16
-888888881,0
-888888880,1/16
-888888880,0
-888888880,1/16
-888888880,0
-888888880,1/16
-888888880,0
-888888881,1/16
-888888880,1/16
-888888880,1/16
-888888880,0
-888888880,0
-888888880,1/16
-888888880,0
-888888880,0
-888888880,1/16
-888888880,1/16
-888888880,0
-888888881,1/16
-888888881,1/16
-888888881,0
-888888881,1/16
-888888881,0
-888888881,1/16
-888888881,0
-888888881,1/16
-888888881,0
-888888881,1/16
-888888880,1/16