11
0,1
1/2,0
1/2,1/2
0,1/4
0,1/2
0,0
1/3,0
2/3,0
0,2/3
1,0
1,1
4
4 3 5 6 2
3 6 2 1
6 2 3 4 8 0 10
5 2 1 7 9 10
3581737030278048335617677259243056087677,1296180120209289471921472186663980202661
7163474060556096671235354518486112175355/2,1296180120209289471921472186663980202661
7163474060556096671235354518486112175355/2,2592360240418578943842944373327960405321/2
14326948121112193342470709036972224350711/4,1296180120209289471921472186663980202661
7163474060556096671235354518486112175355/2,1296180120209289471921472186663980202661
17908685151390241678088386296215280438388/5,6480900601046447359607360933319901013306/5
10745211090834145006853031777729168263032/3,1296180120209289471921472186663980202661
10745211090834145006853031777729168263032/3,1296180120209289471921472186663980202661
10745211090834145006853031777729168263032/3,1296180120209289471921472186663980202661
3581737030278048335617677259243056087677,1296180120209289471921472186663980202661
3581737030278048335617677259243056087677,1296180120209289471921472186663980202660