13
0,1
1,1/3
0,0
7/17,0
1,10/17
1,1512633014044183232347/1512633014044183232348
2/3,0
48752109337660957836/48752109337660957837,1
1/1512633014044183232348,0
0,1/48752109337660957837
13/17,4/17
1,0
1,1
6
3 9 2 8
5 8 9 0 6 3
4 10 0 6 11
4 1 11 10 0
5 1 4 5 7 0
3 7 12 5
1,0
0,2/3
74/1738306528168215806175473,328/248329504024030829453639
0,7/17
0,7/17
0,1/1512633014044183232348
0,2/3
1/48752109337660957837,0
0,1/1512633014044183232348
1/48752109337660957837,0
0,7/17
-4/13,7/13
74/1738306528168215806175473,328/248329504024030829453639