34
1,149/150
1,49/50
0,137/150
1,13/150
0,64/75
0,71/75
1,22/25
0,1/150
0,127/150
1,73/75
1,137/150
0,22/25
1,127/150
1,1
1,32/75
1,1/150
0,0
0,73/75
1,68/75
0,23/30
1,74/75
0,32/75
1,23/25
1,0
0,149/150
0,68/75
0,1
1,23/30
0,74/75
0,49/50
0,13/150
1,71/75
0,23/25
1,64/75
8
8 16 23 15 3 14 21 30 7
10 14 21 19 8 4 11 6 33 12 27
6 25 11 6 18 10 2
6 22 10 2 32 5 31
6 17 5 31 9 1 29
4 28 20 1 29
4 28 20 0 24
4 26 13 0 24
0,0
0,0
1,0
0,-2/25
1,1/150
1,1/30
0,1/30
1,0
1,0
0,1/150
0,0
1,1/30
0,0
0,1/150
0,-21/50
0,0
1,1/150
1,1/150
0,1/150
1,-2/25
0,1/150
1,-21/50
0,1/150
0,1/150
1,0
1,1/150
1,1/150
0,-2/25
1,1/150
1,0
1,-2/25
0,1/30
1,1/150
0,1/150