44
91/250,0
9/250,1
124/125,1
123/125,0
6/25,1
499/500,1
497/500,0
493/500,1
11/25,1
14/125,0
153/250,0
98/125,0
124/125,0
187/250,1
6/25,0
497/500,1
11/25,0
1,1
153/250,1
14/125,1
98/125,1
0,0
247/250,1
59/250,1
99/100,0
119/500,0
119/250,1
187/250,0
43/50,0
1,0
249/250,1
0,1
247/250,0
59/250,0
99/100,1
119/500,1
119/250,0
91/250,1
43/50,1
9/250,0
499/500,0
123/125,1
493/500,0
249/250,0
10
10 21 39 9 33 25 35 23 19 1 31
12 14 25 35 4 37 8 26 18 10 36 16 0
12 10 27 11 28 3 42 7 41 38 20 13 18
4 22 32 42 7
4 22 32 24 34
4 2 12 24 34
4 2 12 6 15
4 30 43 6 15
4 30 43 40 5
4 17 29 40 5
1,-31/250
0,-1/5
0,0
1,0
0,0
0,1/500
1,1/500
0,1/500
0,-1/5
1,-31/250
1,-93/250
1,-1/5
1,0
0,-59/250
1,0
0,1/500
1,-1/5
0,0
0,-93/250
0,-31/250
0,-1/5
1,-59/250
0,0
0,0
1,1/500
1,1/500
0,-59/250
1,-59/250
1,-31/250
1,0
0,0
0,-59/250
1,0
1,0
0,1/500
0,1/500
1,-59/250
0,-31/250
0,-31/250
1,-1/5
1,1/500
0,0
1,1/500
1,0