42
1,149/150
0,29/300
0,139/150
1,49/50
0,137/150
0,24/25
0,143/150
1,47/50
0,71/75
1,139/150
1,73/75
1,143/150
1,137/150
0,133/150
1,11/75
1,1
0,0
0,73/75
1,68/75
1,74/75
1,133/150
1,67/75
0,29/30
1,23/25
1,0
0,149/150
0,68/75
0,11/75
0,1
0,74/75
1,14/15
0,9/10
1,29/300
0,49/50
1,24/25
0,67/75
0,47/50
1,29/30
1,71/75
0,14/15
0,23/25
1,9/10
17
10 1 16 24 32 14 20 21 35 13 27
4 35 31 41 21
4 26 31 41 18
4 26 4 12 18
4 40 4 12 23
4 40 2 9 23
4 39 2 9 30
4 39 36 7 30
4 8 36 7 38
4 8 6 11 38
4 5 6 11 34
4 5 22 37 34
4 17 22 37 10
4 17 33 3 10
4 29 33 3 19
4 29 25 0 19
4 28 25 0 15
1,133/150
0,29/300
0,133/150
1,133/150
0,133/150
0,67/75
0,133/150
1,133/150
0,67/75
1,133/150
1,67/75
1,133/150
1,133/150
0,133/150
1,11/75
1,67/75
0,0
0,67/75
1,67/75
1,67/75
1,133/150
1,67/75
0,133/150
1,67/75
1,0
0,133/150
0,67/75
0,11/75
0,67/75
0,67/75
1,67/75
0,133/150
1,29/300
0,133/150
1,67/75
0,67/75
0,133/150
1,133/150
1,67/75
0,67/75
0,67/75
1,133/150