9
1/2,1
0,1
0,1/2
1/2,1/2
0,0
1/2,0
1,0
1,1/2
1,1
4
5 4 5 7 8 3
5 4 2 0 8 3
3 7 6 5
3 0 1 2
-147573952589676412928,-1180591620717411303423/2
-295147905179352825855/2,-1180591620717411303423/2
-295147905179352825855/2,-590295810358705651711
-295147905179352825855/2,-1180591620717411303423/2
-147573952589676412927,-590295810358705651711
-295147905179352825855/2,-590295810358705651711
-295147905179352825855/2,-1180591620717411303423/2
-147573952589676412928,-1180591620717411303423/2
-147573952589676412928,-590295810358705651712