13
0,1
1,1/3
1/14802282961060823157447061954456455217326,0
0,0
1,14802282961060823157447061954456455217325/14802282961060823157447061954456455217326
7/17,0
1,10/17
2/3,0
13/17,4/17
1,0
473964725354164288292639914797866792672/473964725354164288292639914797866792673,1
1,1
0,1/473964725354164288292639914797866792673
6
3 2 12 3
5 2 12 0 7 5
4 8 0 7 9
4 1 9 8 0
5 1 6 4 10 0
3 4 10 11
1,0
0,2/3
0,1/14802282961060823157447061954456455217326
26/6015888423620298337671311472401693086539105,116/859412631945756905381615924628813298077015
0,1/14802282961060823157447061954456455217326
0,7/17
0,7/17
0,2/3
0,7/17
-4/13,7/13
1/473964725354164288292639914797866792673,0
26/6015888423620298337671311472401693086539105,116/859412631945756905381615924628813298077015
1/473964725354164288292639914797866792673,0