9
0,1
1/2,1
1/2,0
0,1/2
0,0
1/2,1/2
1,1/2
1,0
1,1
4
3 3 4 2
5 2 3 0 5 7
5 1 0 5 7 6
3 1 8 6
-8862938119652501095929,-79766443076872509863361
-8862938119652501095929,-159532886153745019726721/2
-17725876239305002191857/2,-79766443076872509863360
-8862938119652501095929,-159532886153745019726721/2
-17725876239305002191857/2,-159532886153745019726721/2
-17725876239305002191857/2,-159532886153745019726721/2
-17725876239305002191857/2,-79766443076872509863360
-8862938119652501095928,-79766443076872509863360
-17725876239305002191857/2,-159532886153745019726721/2