4
0,1
1,0
0,0
1,1
1
4 2 1 3 0
269999999999999999999999999999999999999999999999999999999999999999999999999999999999999999999999999991,269999999999999999999999999999999999999999999999999999999999999999999999999999999999999999999999999990
269999999999999999999999999999999999999999999999999999999999999999999999999999999999999999999999999990,269999999999999999999999999999999999999999999999999999999999999999999999999999999999999999999999999991
269999999999999999999999999999999999999999999999999999999999999999999999999999999999999999999999999991,269999999999999999999999999999999999999999999999999999999999999999999999999999999999999999999999999991
269999999999999999999999999999999999999999999999999999999999999999999999999999999999999999999999999990,269999999999999999999999999999999999999999999999999999999999999999999999999999999999999999999999999990