56
1,49/50
1,91/250
0,247/250
0,24/25
0,243/250
0,27/50
1,121/125
0,199/250
1,237/250
0,83/100
0,91/250
0,124/125
1,179/250
1,243/250
1,71/250
1,249/250
0,122/125
0,13/125
1,83/100
1,27/50
0,457/500
0,71/250
1,109/125
0,237/250
0,249/250
1,119/125
1,36/125
1,1
0,179/250
0,0
0,1/4
1,122/125
1,123/125
1,239/250
1,13/125
0,109/125
0,119/125
0,241/250
1,457/500
1,26/125
1,1/4
1,0
0,36/125
0,1
1,99/125
0,123/125
1,241/250
0,49/50
0,239/250
0,121/125
1,247/250
1,24/25
1,199/250
1,124/125
0,99/125
0,26/125
16
4 29 41 34 17
14 39 34 17 55 30 21 42 10 5 19 1 26 14 40
12 5 19 12 44 52 18 22 35 9 7 54 28
8 38 22 35 20 23 36 25 8
4 48 36 25 33
4 48 3 51 33
4 37 3 51 46
4 37 49 6 46
4 4 49 6 13
4 4 16 31 13
4 47 16 31 0
4 47 45 32 0
4 2 45 32 50
4 2 11 53 50
4 24 11 53 15
4 24 43 27 15
1,1/250
1,-19/250
0,1/250
0,0
0,1/250
0,-63/250
1,0
0,1/250
1,1/250
0,19/500
0,-19/250
0,0
1,-19/250
1,1/250
1,1/250
1,1/250
0,0
0,23/125
1,19/500
1,-63/250
0,19/500
0,1/250
1,2/25
0,1/250
0,1/250
1,0
1,0
1,0
0,-19/250
0,2/25
0,19/500
1,0
1,0
1,1/250
1,23/125
0,2/25
0,0
0,1/250
1,19/500
1,2/25
1,19/500
1,2/25
0,0
0,0
1,0
0,0
1,1/250
0,1/250
0,1/250
0,0
1,1/250
1,0
1,1/250
1,0
0,0
0,2/25