8
0,1
0,0
1,4921888115803/8464117217600
1,1
0,1480191962061/8464117217600
28577356212767258407/167715682908098822123,0
1,0
0,70279909076512829600/167715682908098822123
2
5 4 1 5 6 2
5 2 4 7 0 3
1,1
788220647682723388852/702488579044421613631,210839727229538488800/702488579044421613631
0,4921888115803/8464117217600
0,1
1,1480191962061/8464117217600
1,70279909076512829600/167715682908098822123
285073598958426922483/702488579044421613631,701077680725471962400/702488579044421613631
1,70279909076512829600/167715682908098822123