8
0,1
0,0
1,9460775096836/20551209475833
0,3337236018169/20551209475833
0,1052115245059382124571/2951926611683358640500
1,0
313493413901436266929/2951926611683358640500,0
1,1
2
5 1 6 5 2 3
5 2 3 4 0 7
1,1
3840653290621717778776/3527159876720281511847,1052115245059382124571/3527159876720281511847
0,9460775096836/20551209475833
1,3337236018169/20551209475833
1,1052115245059382124571/2951926611683358640500
888726678938359138276/3527159876720281511847,2982655603399770987724/3527159876720281511847
1,1052115245059382124571/2951926611683358640500
0,1