9
0,1
1/2,1
1/2,0
0,1/2
0,0
1/2,1/2
1,1/2
1,0
1,1
4
3 3 4 2
5 2 3 0 5 7
5 1 0 5 7 6
3 1 8 6
-147573952589676412928,-147573952589676412928
-147573952589676412928,-295147905179352825855/2
-295147905179352825855/2,-147573952589676412927
-147573952589676412928,-295147905179352825855/2
-295147905179352825855/2,-295147905179352825855/2
-295147905179352825855/2,-295147905179352825855/2
-295147905179352825855/2,-147573952589676412927
-147573952589676412927,-147573952589676412927
-295147905179352825855/2,-295147905179352825855/2