8
0,1
3175168777555865/9007199254740992,1
15904630880928347/18014398509481984,0
0,4668574994082839/36028797018963968
0,0
1,0
1,3109850371725513/4503599627370496
1,1
3
3 3 4 2
6 2 3 0 1 6 5
3 6 7 1
0,1
0,5832030477185127/9007199254740992
1,2109767628553637/18014398509481984
31360222024881129/36028797018963968,1
3474081884123419533734814220025496730396338821121/4655031932249268850735236292323168406573282230272,8963413011346549736074462197385209881486135699957/9310063864498537701470472584646336813146564460544
1,0
1393749255644983/4503599627370496,0
47405007342315868948979648144350740025538100807/94086337858483470475512690697903397473542471680,11328934914806413903281384845718793015156391703/47043168929241735237756345348951698736771235840