8
0,1
0,0
301748640925/2045991475902,1
27069994167938810363/116129258572330293384,0
0,280120579736343253/38709752857443431128
238232818039/2045991475902,0
1,0
1,1
2
5 4 1 5 2 0
5 3 5 2 7 6
14192167968516799/1551377459076800314,3282644768216598013/4654132377230400942
39064557056656351103/38784436476920007850,89283315262821213187/116353309430760023550
0,1744242834977/2045991475902
1,89059264404391483021/116129258572330293384
1,89059264404391483021/116129258572330293384
1,1807758657863/2045991475902
1,0
0,0