18
1/8,1
0,1
1/4,1
1/4,0
0,0
1/8,0
3/8,0
3/8,1
1/2,0
1/2,1
5/8,0
3/4,0
7/8,0
5/8,1
3/4,1
7/8,1
1,0
1,1
8
4 4 5 0 1
4 3 5 0 2
4 3 6 7 2
4 8 6 7 9
4 8 10 13 9
4 11 10 13 14
4 11 12 15 14
4 16 12 15 17
9999999999999999998,1/8
9999999999999999998,0
9999999999999999998,0
9999999999999999999,0
9999999999999999999,0
9999999999999999999,1/8
9999999999999999999,1/8
9999999999999999998,1/8
9999999999999999999,0
9999999999999999998,0
9999999999999999999,1/8
9999999999999999999,0
9999999999999999999,1/8
9999999999999999998,1/8
9999999999999999998,0
9999999999999999998,1/8
9999999999999999999,0
9999999999999999998,0