8
0,1
0,0
6736877813233/77783549799630,0
16005689484556316062020/91195790421583575024269,0
7808919128863/38891774899815,1
1,0
1,1
0,1827454462612586432822/91195790421583575024269
2
5 7 1 2 4 0
5 3 2 4 6 5
56499492632498596589491/93604851598957979157931,89368335958970988591447/93604851598957979157931
77599162114401663095911/93604851598957979157931,-1827454462612586432822/93604851598957979157931
71046671986397/77783549799630,0
75190100937027258962249/91195790421583575024269,0
31082855770952/38891774899815,1
0,0
0,1
75190100937027258962249/91195790421583575024269,0