9
0,1
1/2,1
1/2,0
0,1/2
0,0
1/2,1/2
1,1/2
1,0
1,1
4
3 3 4 2
5 2 3 0 5 7
5 1 0 5 7 6
3 1 8 6
-147573952589676412928,-590295810358705651712
-147573952589676412928,-1180591620717411303423/2
-295147905179352825855/2,-590295810358705651711
-147573952589676412928,-1180591620717411303423/2
-295147905179352825855/2,-1180591620717411303423/2
-295147905179352825855/2,-1180591620717411303423/2
-295147905179352825855/2,-590295810358705651711
-147573952589676412927,-590295810358705651711
-295147905179352825855/2,-1180591620717411303423/2