18
0,1
0,1/4
0,0
0,1/8
0,3/8
0,1/2
0,5/8
1,0
1,1/4
1,3/8
1,1/2
1,5/8
1,3/4
1,7/8
0,7/8
1,1/8
1,1
0,3/4
8
4 2 7 15 3
4 1 8 15 3
4 1 8 9 4
4 5 10 9 4
4 5 10 11 6
4 17 12 11 6
4 17 12 13 14
4 0 16 13 14
-9999999999999999998,1/8
-9999999999999999998,1/8
-9999999999999999998,1/8
-9999999999999999998,0
-9999999999999999998,0
-9999999999999999998,1/8
-9999999999999999998,0
-9999999999999999999,1/8
-9999999999999999999,1/8
-9999999999999999999,0
-9999999999999999999,1/8
-9999999999999999999,0
-9999999999999999999,1/8
-9999999999999999999,0
-9999999999999999998,0
-9999999999999999999,0
-9999999999999999999,1/8
-9999999999999999998,1/8