    id  size  #exact    ago(h)
    90   938       0        64
   762  1088       0        40
   786  2153       0        40
   454   498       0        39
  1090  2411       0        39
  1095  1650       0        39
  1148  1545       0        38
  1133  4018       0        37
  1154  2279       0        37
  1157  1572       0        36
  1485  2952       0        36
  1616  4627       0        36
  1159  1608       0        35
  1617  3245       0        35
  1160  1672       0        34
  1488   817       0        34
  1619  2464       0        34
  1712   585       0        34
  1163  1106       0        33
  1621  1935       0        33
  1169  1430       0        32
  1490  3513       0        32
  2119  4013       0        32
  2087  1454       0        31
  2227  3042       0        31
  1626  2911       0        30
  2090  1567       0        30
  1627  4030       0        29
  2091  2197       0        29
  1628  1559       0        28
  2093  1744       0        28
  1629  2810       0        27
  2095  1948       0        27
  2097  1751       0        26
  2761  2190       0        26
  1631  2342       0        25
  2098  1995       0        25
  2753   530       0        25
  2759   522       0        24
  3145   485       0        24
  3177  1884       0        24
  1633  1443       0        23
  2103  2034       0        23
  3193   539       0        23
  1634  2055       0        22
  2110  1747       0        22
  3199   535       0        22
  3580  1604       0        22
  1635  2202       0        21
  2111  1893       0        21
  3245   535       0        21
  3610  2695       0        21
  3706   824       0        21
  3871  1591       0        21
  1966  1510       0        20
  2120  1521       0        20
  3707   791       0        20
  3840  2136       0        20
  3854  4999       0        20
  4028  3863       0        20
  4060  1310       0        20
  4077  1419       0        20
  1637  2744       0        19
  1987  1034       0        19
  2121  1578       0        19
  2877   556       0        19
  3622  2432       0        19
  3708   810       0        19
  4029  3697       0        19
  4098  3838       0        19
  4293  2388       0        19
  4294  1680       0        19
  2122  1482       0        18
  2928   835       0        18
  3072   396       0        18
  3625  1463       0        18
  3709   807       0        18
  3805  3444       0        18
  3874  1325       0        18
  4008  4993       0        18
  4030  3523       0        18
  4112  2578       0        18
  4206  3404       0        18
  4439  1783       0        18
  4454   656       0        18
  1991  1164       0        17
  2123  1575       0        17
  3113   866       0        17
  3626  2601       0        17
  3710   842       0        17
  3802  4232       0        17
  4010  4989       0        17
  4031  3626       0        17
  4212  2413       0        17
  4377  2612       0        17
  4383  1729       0        17
  4456  1686       0        17
  4468   285       0        17
  4472  2375       0        17
  4474  1252       0        17
  4572   909       0        17
  2124  1181       0        16
  3711   774       0        16
  3846  2017       0        16
  3945  4105       0        16
  4032  3618       0        16
  4240  2867       0        16
  4378  1891       0        16
  4599  1986       0        16
  4608  1388       0        16
  4696  1250       0        16
  4780  2347       0        16
  4809  1607       0        16
  2126  1680       0        15
  3151   873       0        15
  3411  1259       0        15
  3668  1968       0        15
  3712   842       0        15
  3972  2036       0        15
  4033  3644       0        15
  4248  3103       0        15
  4384  3573       0        15
  4808  2362       0        15
  4876  1917       0        15
  4877  2239       0        15
  2130  1825       0        14
  3418  1557       0        14
  3713   807       0        14
  4034  3819       0        14
  4135  1508       0        14
  4252  1588       0        14
  4385  4811       0        14
  4639   945       0        14
  4812  2383       0        14
  4909  2241       0        14
  4930   964       0        14
  4984  1731       0        14
  2138  1966       0        13
  3714   810       0        13
  3943  1277       0        13
  4035  3553       0        13
  4275  3155       0        13
  4386  3009       0        13
  4823  2339       0        13
  4923  1370       0        13
  5034  2236       0        13
  3585   667       0        12
  3715   806       0        12
  4172  2921       0        12
  4387  2446       0        12
  4401   485       0        12
  4651   967       0        12
  4674  2380       0        12
  4860  2481       0        12
  4927  1742       0        12
  4928  1213       0        12
  4932  3142       0        12
  5136  2060       0        12
  5142  2360       0        12
  3586   777       0        11
  3682  1978       0        11
  3716   842       0        11
  4037  3644       0        11
  4192  3069       0        11
  4282  4144       0        11
  4388  1711       0        11
  4684  1355       0        11
  4871  2352       0        11
  4960  1965       0        11
  5130  1089       0        11
  5259  1297       0        11
  3718   775       0        10
  3977  3130       0        10
  4038  3556       0        10
  4223  4195       0        10
  4284  3360       0        10
  4390  2373       0        10
  4679  1174       0        10
  4687  1198       0        10
  4970  2670       0        10
  5068  1770       0        10
  5175  2285       0        10
  5236   521       0        10
  5276  1864       0        10
  5302   799       0        10
  3719   842       0         9
  4039  3472       0         9
  4220  4134       0         9
  4302  1666       0         9
  4391  2412       0         9
  4423  1960       0         9
  4688  1749       0         9
  4975  2309       0         9
  5047  1571       0         9
  5113  3652       0         9
  5192  1630       0         9
  5260  1410       0         9
  5332   746       0         9
  5337  1766       0         9
  3721   806       0         8
  4040  3471       0         8
  4304  1474       0         8
  4368  1922       0         8
  4392  2937       0         8
  4694  1329       0         8
  4989  2874       0         8
  5022  1197       0         8
  5048  2161       0         8
  5072  1278       0         8
  5140  2780       0         8
  5333   691       0         8
  5372   372       0         8
  5408  1610       0         8
  5459  2837       0         8
  3722   812       0         7
  3875   341       0         7
  4393  3017       0         7
  4698  2058       0         7
  5074  1489       0         7
  5112  2978       0         7
  5234  2168       0         7
  5339   772       0         7
  5460  1146       0         7
  5492  2047       0         7
  5526  1554       0         7
  5533   920       0         7
  3723   807       0         6
  4042  3455       0         6
  4306  2831       0         6
  4380  1707       0         6
  4394  2153       0         6
  4700  1383       0         6
  4976  1021       0         6
  5083   919       0         6
  5108  1617       0         6
  5115  2339       0         6
  5168  2242       0         6
  5347  1207       0         6
  5371   325       0         6
  5570  2574       0         6
  5571  1207       0         6
  5575  3438       0         6
  5583  1416       0         6
  5591  2080       0         6
  5599   853       0         6
  3724   842       0         5
  4043  3206       0         5
  4702  1768       0         5
  4981   656       0         5
  5053  1757       0         5
  5121  1219       0         5
  5348  1183       0         5
  5507   668       0         5
  5576  1103       0         5
  5603   695       0         5
  5613  2143       0         5
  5617   923       0         5
  5648  2352       0         5
  5654   485       0         5
  5672  1347       0         5
  5688  2966       0         5
  5737  2488       0         5
  1744   571       0         4
  3725   776       0         4
  4704  1445       0         4
  4722   788       0         4
  4986   772       0         4
  5054   939       0         4
  5132  3283       0         4
  5180  1617       0         4
  5351   901       0         4
  5514   542       0         4
  5565  1720       0         4
  5578  1087       0         4
  5607   903       0         4
  5619   991       0         4
  5636  1981       0         4
  5693  2536       0         4
  5786  2230       0         4
  5799  2479       0         4
  5816  1892       0         4
  5830  3008       0         4
  3726   842       0         3
  4046  3395       0         3
  4398  1443       0         3
  4706  1700       0         3
  4724   657       0         3
  4992   923       0         3
  5086   825       0         3
  5134  1562       0         3
  5352  1202       0         3
  5532   586       0         3
  5580  2516       0         3
  5610   610       0         3
  5615  1023       0         3
  5620   952       0         3
  5640  2724       0         3
  5671   809       0         3
  5696  3309       0         3
  5805  2400       0         3
  5864  2544       0         3
  5874  2316       0         3
  5878  3054       0         3
  5879  2574       0         3
  5883  1029       0         3
  5887  1455       0         3
  1746   577       0         2
  4047  3343       0         2
  4399  2055       0         2
  4419  2411       0         2
  4710  1573       0         2
  4730   904       0         2
  4993  1104       0         2
  5056  2049       0         2
  5144  2610       0         2
  5535   608       0         2
  5582  1758       0         2
  5621   909       0         2
  5638   670       0         2
  5645  2980       0         2
  5703  4275       0         2
  5726  4981       0         2
  5860  2243       0         2
  5888   582       0         2
  5914  2574       0         2
  5957   687       0         2
  5964  1029       0         2
  1747   564       0         1
  4718  1548       0         1
  4731   661       0         1
  5058  1213       0         1
  5088   892       0         1
  5585  1723       0         1
  5622   868       0         1
  5647  3678       0         1
  5717  3616       0         1
  5865  2395       0         1
  5875  2215       0         1
  5893  2498       0         1
  5910  1322       0         1
  5915  2574       0         1
  5956   817       0         1
  5982  1630       0         1
  5987  4981       0         1
  5999  1212       0         1
  6012   679       0         1
  6022  1116       0         1
  6031  2070       0         1
  6035   699       0         1
   346    31       0         0
   991   491       0         0
  1284   813       0         0
  1340   143       0         0
  1463   662       0         0
  1748   579       0         0
  2059   224       0         0
  2304   572       0         0
  2608    78       0         0
  2700   866       0         0
  2793   459       0         0
  2941   690       0         0
  3729   809       0         0
  3933  2057       0         0
  4049  3578       0         0
  4317  1582       0         0
  4402  1559       0         0
  4442  2147       0         0
  4467   212       0         0
  4497  1582       0         0
  4563   980       0         0
  4624  2564       0         0
  4725   862       0         0
  4732  1532       0         0
  4749   830       0         0
  4804  1325       0         0
  4841   618       0         0
  4864  1624       0         0
  4952   104       0         0
  5007   308       0         0
  5015   585       0         0
  5059  1239       0         0
  5089   914       0         0
  5164  4308       0         0
  5196   287       0         0
  5220   104       0         0
  5295    78       0         0
  5313   300       0         0
  5326   106       0         0
  5344  1059       0         0
  5365  2027       0         0
  5382   882       0         0
  5450   176       0         0
  5475   144       0         0
  5499   740       0         0
  5516   444       0         0
  5589  1181       0         0
  5623   908       0         0
  5625  1307       0         0
  5649  3807       0         0
  5732  2510       0         0
  5792   211       0         0
  5795  1902       0         0
  5806  4667       0         0
  5828   480       0         0
  5852  1117       0         0
  5886  2629       0         0
  5889  2284       0         0
  5894  1681       0         0
  5901  3880       0         0
  5920   342       0         0
  5934   189       0         0
  5937   850       0         0
  5962   699       0         0
  5977   858       0         0
  5983  1630       0         0
  5986   241       0         0
  5988  4981       0         0
  5992   429       0         0
  6003   685       0         0
  6023  1007       0         0
  6033   211       0         0
  6037  3760       0         0
  6038  1570       0         0
  6039   570       0         0
  6040  3900       0         0
  6046  4142       0         0
  6050   110       0         0
  6056    43       0         0
  6060   643       0         0
  6061   761       0         0
  6066  1193       0         0
  6067   923       0         0
  6070  2574       0         0
  6072   676       0         0
  6073   191       0         0
    24   619       1        64
    67  1825       1        64
    68  2472       1        64
    69  2997       1        64
    84   554       1        64
    87   848       1        64
    88   691       1        64
    91   678       1        64
   101  2945       1        64
   905  1865       1        39
  1097  4303       1        39
  1239  1702       1        38
   678   294       1        37
  1241   334       1        37
  1368  1456       1        37
  1367   935       1        36
  1406  1983       1        36
  1510   560       1        36
  1486  2451       1        35
  1711   559       1        35
  1843   855       1        35
   681   287       1        34
  1875   847       1        34
  1489  1350       1        33
  1713   570       1        33
  2118   334       1        33
   683   290       1        32
  1714   529       1        32
  1899  1515       1        32
  2209   211       1        32
  2215  1283       1        32
  1715   536       1        31
  1945   924       1        31
  1716   582       1        30
  1941   838       1        30
  1947  2163       1        30
  2250  3509       1        30
  1717   567       1        29
  2333  1819       1        29
   730  1538       1        28
  1718   521       1        28
  1965  1153       1        28
  2352  2403       1        28
  1719   560       1        27
  1971  1261       1        27
  2672  1770       1        27
  2730  3304       1        27
  1972  1172       1        26
   690   289       1        25
  1721   561       1        25
  1973   955       1        25
  2816   334       1        25
  2969  1484       1        25
  1632  1961       1        24
  1722   537       1        24
  2817   334       1        24
  3073   488       1        24
  3179  1573       1        24
  1959   962       1        23
  2818   334       1        23
  3294  2249       1        23
  3344  1542       1        23
  3406  2408       1        23
  1724   550       1        22
  2819   334       1        22
  3562  4519       1        22
  3578  1465       1        22
  3594  3290       1        22
  1963  1288       1        21
  3734  1546       1        21
  3813  1120       1        21
  3852  4996       1        21
  1636  2711       1        20
  1726   536       1        20
  1984   879       1        20
  2578   999       1        20
  3342   257       1        20
  3348  1811       1        20
  3634  1702       1        20
  3819  3142       1        20
  3940  3166       1        20
  4101  2279       1        20
   746  1141       1        19
  1727   583       1        19
  2721   856       1        19
  2883   241       1        19
  3857  1196       1        19
  3867   578       1        19
  3965  4995       1        19
  4079  3604       1        19
  4111  1395       1        19
  4295   211       1        19
   748  1710       1        18
  1638  3862       1        18
  1728   542       1        18
  1989   669       1        18
  3368   289       1        18
  3624  4996       1        18
  3767  1406       1        18
  3834  4690       1        18
  4444   896       1        18
  3340  1873       1        17
  3410   347       1        17
  3638  1570       1        17
  4337   211       1        17
  1730   538       1        16
  3954   815       1        16
  4229  4981       1        16
  4364   211       1        16
  4781   896       1        16
  3866  1612       1        15
  3952  3120       1        15
  3996   330       1        15
  4234  4995       1        15
  4372   211       1        15
  4637   724       1        15
  4874  1798       1        15
  4906   892       1        15
  4026   527       1        14
  4236  4981       1        14
  4409   211       1        14
  4972   844       1        14
  4988  1713       1        14
  3037   287       1        13
  3677  1818       1        13
  4138  1326       1        13
  4237  4995       1        13
  4476   211       1        13
  4645   647       1        13
  4926  1096       1        13
  3885  1693       1        12
  3970  3590       1        12
  4239  4981       1        12
  4281  1103       1        12
  4570   211       1        12
  5104   808       1        12
  1736   524       1        11
  3646  1599       1        11
  3976  1693       1        11
  4242  4995       1        11
  4601   211       1        11
  4933  1436       1        11
  5105   902       1        11
  5151  3248       1        11
  1737   549       1        10
  3683  1199       1        10
  3781   296       1        10
  4708   211       1        10
  5079   712       1        10
  5195  4981       1        10
  1738   591       1         9
  3803   378       1         9
  3979  2279       1         9
  4784   211       1         9
  5080   899       1         9
  5197  4995       1         9
  5272  1918       1         9
  1739   580       1         8
  3985   767       1         8
  4424  2029       1         8
  4875   211       1         8
  4969  1339       1         8
  5081   853       1         8
  5199  4981       1         8
  5208  3067       1         8
  5411  1818       1         8
  1740   579       1         7
  4230  4483       1         7
  4305   928       1         7
  4425  2168       1         7
  4905   211       1         7
  5082   858       1         7
  5203  4995       1         7
  5375   970       1         7
  5414  3349       1         7
  1741   533       1         6
  3992  1217       1         6
  4119   286       1         6
  5204  4981       1         6
  5609   211       1         6
  4395  2451       1         5
  5084   945       1         5
  5705  4995       1         5
  5746   211       1         5
  5770   480       1         5
  4044  3109       1         4
  4396  1961       1         4
  5085   897       1         4
  5189   396       1         4
  5614   898       1         4
  5724  4981       1         4
  5797   211       1         4
  5824  2475       1         4
  5190   836       1         3
  5725  4995       1         3
  5833  2533       1         3
  5857   211       1         3
  5087   813       1         2
  5342  1060       1         2
  5380   953       1         2
  5785   721       1         2
  5882  3212       1         2
  5912   211       1         2
  4400  2202       1         1
  5343   875       1         1
  5381   963       1         1
  5515   361       1         1
  5787   536       1         1
  5793  1569       1         1
  5884  1247       1         1
  5974   211       1         1
    22   622       2        64
    61  1238       2        64
    72  3082       2        64
   794   617       2        40
   676   297       2        39
   679   290       2        36
   680   290       2        35
  1885   880       2        33
   684   290       2        31
   685   287       2        30
   686   287       2        29
   687   292       2        28
   688   292       2        27
   689   289       2        26
  1720   563       2        26
  1723   571       2        23
  3352  1973       2        23
  3560  4981       2        22
  1725   596       2        21
  3347  4014       2        21
  3862   638       2        21
  3031   290       2        19
  3032   287       2        18
  3956   788       2        18
  4336   211       2        18
  1729   565       2        17
  3841  3478       2        17
  3034   290       2        16
  3690  3773       2        16
  3959  1503       2        16
  1732   538       2        15
  4811  3291       2        15
  1733   569       2        14
  3036   287       2        14
  3863  4725       2        14
  1734   551       2        13
  4913  1619       2        13
  5103   840       2        13
  1735   581       2        12
  3038   292       2        12
  3039   292       2        11
  5106   997       2        11
  3040   289       2        10
  4422  1191       2        10
  4965  1359       2        10
  3041   289       2         9
  4685   941       2         9
  4922  1487       2         9
  5069   959       2         9
  4117   297       2         8
  4691   383       2         8
  4897   294       2         8
  3989  3244       2         7
  5050   483       2         7
  5107  1076       2         7
  4250  2025       2         6
  4699   552       2         6
  5051   523       2         6
  1742   573       2         5
  4719   586       2         5
  5097   829       2         5
  5102   758       2         4
  5378   881       2         4
  4415  2091       2         3
  5004   308       2         3
  5055   444       2         3
  5379   935       2         3
  5512   365       2         3
  2302   572       2         2
  5005   317       2         2
  5817   931       2         2
  5843   230       2         2
  2303   572       2         1
  5006   323       2         1
  5014   494       2         1
  5163  4627       2         1
  5194  1057       2         1
  5618   842       2         1
  5815   748       2         1
  5900  3637       2         1
  5908  1127       2         1
  6032   683       2         1
    60  1305       3        64
    64  2132       3        64
    65  1950       3        64
    70  1796       3        64
    71  2360       3        64
    86  2000       3        64
    89   535       3        64
   556   681       3        40
   713  1715       3        39
  1237  2836       3        38
  1492  1533       3        36
  1670  1070       3        34
   682   287       3        33
  1842  1263       3        33
   555   681       3        31
  1933  1130       3        31
  2504   171       3        29
  2505   794       3        28
  1630  1055       3        26
  2712   317       3        25
  2903  1783       3        25
   737  1500       3        24
  2810  4487       3        24
   739  1045       3        23
  2836  2687       3        23
  3356   184       3        23
  1960   822       3        22
  1980   725       3        22
  3546  1594       3        22
  3583   165       3        22
  1982   815       3        21
  2844   285       3        21
  3873   184       3        21
  4105   180       3        20
  3351   257       3        19
  4287   281       3        19
  1999   679       3        16
  3022  1227       3        16
  3194   412       3        16
  4567   243       3        16
  3035   290       3        15
  2896   317       3        14
  3642  1627       3        14
  3691   835       3        14
  4813  1403       3        14
  4924  1004       3        14
  2898   305       3        13
  3274  1272       3        13
  4165   702       3        13
  5027   444       3        13
  5039   430       3        13
  4995   275       3        12
  5071   423       3        12
  5139   407       3        12
  5143  4102       3        12
  4652   437       3        11
  4996   332       3        11
  3647   951       3        10
  4895  1403       3        10
  4997   317       3        10
  5335   396       3        10
  5336   396       3         9
  5417   396       3         8
  4697   514       3         7
  4973   609       3         7
  5157  4537       3         7
  5418   396       3         7
  5419   396       3         6
  5135  2580       3         5
  5420   396       3         5
  5509   458       3         5
  5719   867       3         5
  5191  2033       3         4
  5421   396       3         4
  5510   266       3         4
  5573  1403       3         4
  5798  4440       3         4
  5422   396       3         3
  5496  1283       3         3
  5782   397       3         3
  4721   904       3         2
  5401   184       3         2
  5513   448       3         2
  5641  1206       3         2
  5814   906       3         2
  5958  1091       3         2
  5967   928       3         2
  1283   813       3         1
  2699   866       3         1
  5498   764       3         1
  5531   493       3         1
  5985   179       3         1
  6011  4197       3         1
    28  2064       4        64
    32   509       4        64
    85  1015       4        64
   502   953       4        40
   675   297       4        40
   519   264       4        39
   899   184       4        39
  1020   628       4        39
  1021   631       4        38
   612   681       4        37
  1022   654       4        37
  1460   562       4        37
  1023   631       4        36
   647  2746       4        35
   719   958       4        35
  1024   668       4        35
  1832   267       4        35
   286  2669       4        34
   659  2746       4        34
  1025   637       4        34
   664  2746       4        33
   722  1270       4        33
  1026   664       4        33
  1942   572       4        33
   724  1133       4        32
  1027   650       4        32
  1028   676       4        31
  2238   570       4        31
  1029   651       4        30
  1030   683       4        29
  1949   648       4        29
  1952   602       4        29
  2330   173       4        29
  1031   655       4        28
  2455   151       4        27
  2527   171       4        27
  2625   654       4        27
  2668  4994       4        27
  2530   171       4        26
  2626   650       4        26
  2777  4994       4        26
  2627   666       4        25
  2666   176       4        25
  2966  4994       4        25
  2968  2675       4        25
  1977   982       4        24
  2629   633       4        24
  2718   205       4        24
  3180  4994       4        24
  2630   679       4        23
  2824   247       4        23
  3249  2691       4        23
  3397   982       4        23
  3404  4994       4        23
  2631   653       4        22
  2839   270       4        22
  3178  1945       4        22
  2779   188       4        21
  3281  1498       4        21
  3629  3326       4        21
  2797   233       4        20
  2868   284       4        20
  2872   846       4        20
  3293   968       4        20
  3735  4532       4        20
  3298  2058       4        19
  3636  1131       4        19
  3949  4631       4        19
  3303  1586       4        18
  3637  1268       4        18
  3345   676       4        16
  3547   170       4        16
  3639  1070       4        16
  4832   294       4        16
  3549   231       4        15
  3641  1382       4        15
  4073  1275       4        15
  4919  1353       4        15
  3223   542       4        14
  4286  1115       4        14
  4977   453       4        14
  4990   308       4        14
  4994   323       4        13
  5035  4120       4        13
  2900   640       4        12
  3757   184       4        12
  4893   294       4        12
  5038   245       4        12
  5152  4740       4        12
  3756   184       4        11
  5042   238       4        11
  5188   228       4        11
  5110  1566       4        10
  5154  4150       4        10
  5021   803       4         9
  5155  4704       4         9
  5262   306       4         9
  4440   240       4         8
  4999   308       4         8
  5374  1017       4         8
  5407   184       4         8
  4678   956       4         7
  5061   256       4         7
  5511   365       4         7
  4251   684       4         6
  5001   314       4         6
  5158  4824       4         6
  5186   217       4         6
  5376   774       4         6
  5476   384       4         6
  5508   430       4         6
  5600   759       4         6
  5002   317       4         5
  5377   928       4         5
  5444  4908       4         5
  4414  1769       4         4
  5003   323       4         4
  5160  4105       4         4
  5745   266       4         4
  5341  1356       4         3
  5402   184       4         3
  5783  1220       4         3
  5856   928       4         3
  5193   184       4         2
  5784  1129       4         2
  5965   465       4         2
  4623  2564       4         1
  4723   858       4         1
  5364  2091       4         1
  5919   342       4         1
  5978   784       4         1
    51   612       5        64
    53   952       5        64
    66  1506       5        64
    93   425       5        64
    95   669       5        64
    96   534       5        64
    97   660       5        64
   613   176       5        38
  1167   222       5        38
  1390   250       5        37
  1453  1030       5        37
   716  1322       5        36
  1834  1945       5        35
  1760   928       5        33
   674   884       5        32
  2225  4998       5        31
  2226   240       5        31
   728  1084       5        30
  2404   183       5        30
   729   910       5        29
  2267  4998       5        29
  2467   881       5        29
  2496   215       5        29
  2414  4994       5        28
  2526   171       5        28
   731  1019       5        27
  1953  1712       5        27
  2628   165       5        27
   732  1042       5        26
  2522   235       5        26
  2662   163       5        26
  2774   240       5        26
  2524   215       5        25
  2796  4482       5        25
  2525   249       5        24
  3146  3003       5        24
  3188   246       5        24
  1979  1050       5        23
  2731   224       5        23
  3130   215       5        23
  3409   292       5        23
  2736   290       5        22
  2755   668       5        22
  3139   203       5        22
  3346   474       5        22
   743  1113       5        21
  2737   290       5        21
  3141   221       5        21
  3632  1325       5        21
  3746   184       5        21
  3824   230       5        21
  3836  1170       5        21
  3865  4312       5        21
  3142   187       5        20
  3745   184       5        20
  3973   477       5        20
  3152   253       5        19
  3567   346       5        19
  3744   184       5        19
  3990  4946       5        19
  4285   578       5        19
  3153   261       5        18
  3568   341       5        18
  3763   184       5        18
  2742   290       5        17
  3154   237       5        17
  3569   305       5        17
  3762   184       5        17
  3917  1179       5        17
  2743   290       5        16
  3155   231       5        16
  3570   350       5        16
  3761   184       5        16
  4638   942       5        16
  4774   427       5        16
  2744   290       5        15
  3157   215       5        15
  3571   302       5        15
  3760   184       5        15
  2290   572       5        14
  2745   290       5        14
  3160   278       5        14
  3759   184       5        14
  2291   572       5        13
  2746   290       5        13
  3176   234       5        13
  3564   230       5        13
  3758   184       5        13
  5017  1414       5        13
  2292   572       5        12
  2747   290       5        12
  3681   771       5        12
  3964  3289       5        12
  4665   932       5        12
  5018  2562       5        12
  5043   315       5        12
  2293   572       5        11
  2749   290       5        11
  3838   317       5        11
  4667   824       5        11
  5045   345       5        11
  5153  4766       5        11
  5271   143       5        11
  2294   572       5        10
  4670   913       5        10
  5020  2621       5        10
  5044   274       5        10
  5244   476       5        10
  2295   572       5         9
  3754   184       5         9
  4366  1669       5         9
  4998   332       5         9
  5373   803       5         9
  5392   869       5         9
  2296   572       5         8
  4676   888       5         8
  5057   257       5         8
  5156  4706       5         8
  5184   273       5         8
  5266   406       5         8
  2297   572       5         7
  3971  4611       5         7
  5000   315       5         7
  5185  1102       5         7
  5301   440       5         7
  5406   184       5         7
  2298   572       5         6
  5064   264       5         6
  5405   184       5         6
  5493  1474       5         6
  4618  2564       5         5
  5159  4676       5         5
  5178  1102       5         5
  5404   184       5         5
  5742   233       5         5
  5777  4481       5         5
  2300   572       5         4
  4619  2564       5         4
  4713   902       5         4
  5403   184       5         4
  5723   240       5         4
  5781   878       5         4
  2301   572       5         3
  4620  2564       5         3
  4720   916       5         3
  5838   390       5         3
  5871  4481       5         3
  1338   143       5         2
  4621  2564       5         2
  4802  2730       5         2
  5162  4886       5         2
  5324   106       5         2
  5497   591       5         2
  5530   426       5         2
  5890  4388       5         2
  5917   342       5         2
  5968   519       5         2
  1339   143       5         1
  4496  1582       5         1
  4838   662       5         1
  5449   152       5         1
  5489   276       5         1
  5989   338       5         1
    31   609       6        64
    33   956       6        64
    59   986       6        64
   759   184       6        40
  1014   423       6        39
  1162   731       6        38
   630   884       6        36
  1229   188       6        36
  1938  1159       6        34
  2068   260       6        34
  2080  4108       6        33
  1943   390       6        32
  2196   230       6        32
  2210   447       6        32
  2200   168       6        31
  2240   290       6        31
  2275   572       6        31
   691   884       6        30
  2230   196       6        30
  2241   290       6        30
  2276   572       6        30
  2355   208       6        30
  2466   846       6        30
  2513   290       6        29
  2521   413       6        29
  1950  2048       6        28
  2278   572       6        28
  2499  2255       6        28
  2514   290       6        28
  2548   306       6        28
  2550   184       6        28
  2279   572       6        27
  2354   746       6        27
  2509   257       6        27
  2515   290       6        27
  2280   572       6        26
  2516   290       6        26
  2788   499       6        26
  2281   572       6        25
  2733   290       6        25
  1958   689       6        24
  2282   572       6        24
  2734   290       6        24
  2875   468       6        24
  2283   572       6        23
  2735   290       6        23
  2751   640       6        23
  2284   572       6        22
  3143   413       6        22
  3201  2564       6        22
  3563   345       6        22
  3584   770       6        22
  3607   290       6        22
  2285   572       6        21
  3565   367       6        21
  3788   302       6        21
   744   686       6        20
  2286   572       6        20
  2738   290       6        20
  3566   345       6        20
  3795   319       6        20
  2287   572       6        19
  2739   290       6        19
  2829   367       6        19
  3981   380       6        19
  2741   290       6        18
  2895   861       6        18
  3807   320       6        18
  3984   474       6        18
  2289   572       6        17
  2888   213       6        17
  2909   204       6        17
  3812   317       6        17
  3958  3818       6        17
  3986   544       6        17
  3822   307       6        16
  3860  1548       6        16
  3960  4131       6        16
  4656   938       6        16
  2893   199       6        15
  3828   309       6        15
  3961  4056       6        15
  4606  2564       6        15
  4657   960       6        15
  3559   171       6        14
  3832   315       6        14
  3962  3570       6        14
  4607  2564       6        14
  4660   904       6        14
  4912   321       6        14
  3833   314       6        13
  3963  3612       6        13
  4609  2564       6        13
  4663   880       6        13
  5032   385       6        13
  3835   320       6        12
  4221  4614       6        12
  4611  2564       6        12
  5101  1651       6        12
  4408   390       6        11
  4612  2564       6        11
  4793  3270       6        11
  5019  1683       6        11
  5240   393       6        11
  5267  4562       6        11
  3755   184       6        10
  3884   308       6        10
  4360  1370       6        10
  4613  2564       6        10
  5268  4442       6        10
  4428   184       6         9
  4579   413       6         9
  4614  2564       6         9
  4673   874       6         9
  5249  4798       6         9
  3969  3450       6         8
  4615  2564       6         8
  4041  3675       6         7
  4616  2564       6         7
  4797  2841       6         7
  5358  1784       6         7
  5486  1315       6         7
  3974  4474       6         6
  4680   938       6         6
  5075   480       6         6
  2299   572       6         5
  4682   932       6         5
  4800  1790       6         4
  5637  1496       6         4
  5811  4407       6         4
  1745   553       6         3
  5161  4860       6         3
  5447   158       6         3
  2698   866       6         2
  5363  1779       6         2
  5488   266       6         2
  2795   475       6         1
  4048  3417       6         1
  4318  1582       6         1
  5221   104       6         1
  6001  2891       6         1
    20   314       7        64
    21   236       7        64
    23   233       7        64
    30   513       7        64
    52  1021       7        64
    63  1094       7        64
    92  3822       7        64
   328   212       7        40
   823  4150       7        40
   847  4209       7        40
   566   176       7        39
   614   211       7        39
   907  4150       7        39
   909  4150       7        38
   715   694       7        37
   910  4150       7        37
  1396   694       7        37
   912  4150       7        36
  1397   694       7        36
   221   233       7        35
   913  4150       7        35
  1291   151       7        35
  1398   694       7        35
  1609   344       7        35
  1623   129       7        35
   915  4150       7        34
  1349   618       7        34
  1400   694       7        34
   917  4150       7        33
  2003   213       7        33
  2074   290       7        33
  2088   173       7        33
   919  4150       7        32
  2125   243       7        32
  2146  4953       7        32
  2206   180       7        32
   726   883       7        31
   920  4150       7        31
  2229   713       7        31
  2331   199       7        31
  2266  4953       7        30
  2277   572       7        29
  2353   924       7        29
  2498  2255       7        29
  2523   233       7        29
  2537  4773       7        29
   524  4509       7        28
  2388   188       7        28
  1595   983       7        27
  2500  2255       7        27
  2713   344       7        27
  2714  4829       7        27
  2719   180       7        27
  2661   215       7        26
  1956  1853       7        25
  2400   582       7        25
  2861   244       7        25
  2874  1373       7        25
  2789   388       7        24
  2886   199       7        24
  3182  3211       7        24
  3312   513       7        23
  3362   565       7        23
  2750   198       7        22
  3416  4505       7        22
  2764   123       7        21
  2265  4255       7        20
  3947  4573       7        20
  3953  1082       7        20
  2885   129       7        19
  3804   318       7        19
  3829  1986       7        19
  2288   572       7        18
  3951  4661       7        18
  4088  4398       7        18
  4379   173       7        18
  3848   916       7        17
  4381   248       7        17
  3579   233       7        16
  4603  2564       7        16
  4810  4727       7        16
  4382   147       7        15
  4397   344       7        13
  4881   268       7        13
  5040  1921       7        12
   382   192       7        11
  3891   803       7        11
  3966  4414       7        11
  4345   937       7        11
  4894   268       7        11
  4931   607       7        11
  3101   143       7        10
  3904   968       7        10
  3967  3868       7        10
  4410   244       7        10
  3102   145       7         9
  3968  4632       7         9
  4824   676       7         9
  4896   268       7         9
  4796  2656       7         8
  5270  4233       7         8
  5357  2172       7         8
  1332   143       7         7
  2693   866       7         7
  4898   268       7         7
  5472   135       7         7
  1334   143       7         6
  4617  2564       7         6
  1335   143       7         5
  4411  1219       7         5
  5360  1770       7         5
  5635  1489       7         5
  1336   143       7         4
  2696   866       7         4
  5361  2308       7         4
  5484   243       7         4
  5794  4225       7         4
  1337   143       7         3
  4320  1582       7         3
  4801  2291       7         3
  5323   106       7         3
  5362  2128       7         3
  5485   256       7         3
  5851  3785       7         3
  1282   813       7         2
  2798   442       7         2
  4836   594       7         2
  5448   158       7         2
  2940  1094       7         1
  4953   104       7         1
  5829   480       7         1
  5960    97       7         1
  6002   685       7         1
    19   232       8        64
    26  1124       8        64
    34   436       8        64
    35  4058       8        64
    54   516       8        64
    57   638       8        64
    58   721       8        64
    99   583       8        64
   107  1072       8        39
   714   815       8        38
  1240   142       8        38
   770   209       8        37
  1242   241       8        36
  1243   241       8        35
  1587  1064       8        35
  1743   167       8        35
  1244   241       8        34
  2000   199       8        34
  2007   407       8        34
  2102   361       8        33
  2109   215       8        33
  2005   199       8        32
  2264  4958       8        31
  2271   277       8        31
  2308   442       8        31
  2403   248       8        30
  2569  4797       8        28
  2669   184       8        27
  2501  2255       8        26
  2619   381       8        26
  2710   184       8        26
  2512   151       8        25
  2786   346       8        25
  2845   184       8        25
  2410   606       8        24
  2846   184       8        24
  2413   580       8        23
  2847   184       8        23
  2418   605       8        22
  2848   184       8        22
  3528   907       8        22
  2849   184       8        21
  3806   737       8        21
  2794   179       8        20
  2853   184       8        20
  2857   184       8        19
  2880   729       8        19
  4090  3564       8        19
  4290   431       8        19
  2860   184       8        18
  4291   267       8        18
   376   171       8        17
  2862   184       8        17
  4584   290       8        17
  1318   143       8        16
  2891   199       8        16
  1319   143       8        15
  4817   666       8        15
  4904   310       8        15
  4920   215       8        15
  1321   143       8        14
  2686   866       8        14
  2921  1206       8        14
  4602  4185       8        14
  4987   206       8        14
   381   188       8        13
  2687   866       8        13
  4791  3694       8        13
  5070   395       8        13
   219   188       8        12
  1272   813       8        12
  1323   143       8        12
  2688   866       8        12
  4820   662       8        12
  1324   143       8        11
  5230   303       8        11
  5264   395       8        11
   252   188       8        10
  1325   143       8        10
  2690   866       8        10
  3391   685       8        10
  4794  2897       8        10
  5340   395       8        10
  1326   143       8         9
  2691   866       8         9
  3392   685       8         9
  4795  2323       8         9
  5356  2128       8         9
  1331   143       8         8
  3393   685       8         8
  5413   303       8         8
  5436   395       8         8
  5454  1155       8         8
   387   164       8         7
  1277   813       8         7
  3394   685       8         7
  5319   106       8         7
  5412   453       8         7
  5439   387       8         7
  1278   813       8         6
  2694   866       8         6
  5320   106       8         6
  5359  2239       8         6
  5415   608       8         6
  5601   685       8         6
  5608  3935       8         6
  5611   178       8         6
  2695   866       8         5
  5321   106       8         5
  5494   360       8         5
  5602   685       8         5
  5776  4198       8         5
  2936   878       8         4
  5322   106       8         4
  5604   685       8         4
  5780   270       8         4
  2697   866       8         3
  4494  1582       8         3
  4833   655       8         3
  4955   104       8         3
  5222   104       8         3
  5605   685       8         3
  4319  1582       8         2
  4495  1582       8         2
  5945  3991       8         2
    29  1994       9        64
   160   351       9        40
   357   224       9        40
  1044   351       9        39
  1096   338       9        39
   711   303       9        38
  1123   351       9        38
  1139  1836       9        38
  1170   241       9        38
  1124   351       9        37
  1232   241       9        37
  1369   397       9        37
  1370   225       9        37
  1395   196       9        37
  1125   351       9        36
  1295   143       9        36
  1376   866       9        36
  1126   351       9        35
  1296   143       9        35
  1127   351       9        34
  1297   143       9        34
  1539   104       9        34
  2006   154       9        34
  1128   351       9        33
  1298   143       9        33
  2114   766       9        33
  1299   143       9        32
  2168   351       9        32
  1300   143       9        31
  2332   406       9        31
  1301   143       9        30
  2335   406       9        30
  2357   866       9        30
  2468   265       9        30
  2493   151       9        30
  1302   143       9        29
  1593  1225       9        29
  2338   406       9        29
  2358   866       9        29
  2495   150       9        29
  1303   143       9        28
  2339   406       9        28
  2359   866       9        28
  2535   356       9        28
  1304   143       9        27
  2340   406       9        27
  2506   142       9        27
  2616   194       9        27
  2673   866       9        27
  1305   143       9        26
  1954  1493       9        26
  2341   406       9        26
  2511   143       9        26
  2724   979       9        26
  1308   143       9        25
  2342   406       9        25
  2675   866       9        25
  1259   813       9        24
  1307   143       9        24
  2343   406       9        24
  2676   866       9        24
  2911   984       9        24
  3156   100       9        24
  1260   813       9        23
  3286   230       9        23
  1312   143       9        22
  3400   359       9        22
  3417   192       9        22
  3581   294       9        22
  3587   395       9        22
  3604   474       9        22
  1313   143       9        21
  2420   586       9        21
  3144   356       9        21
   210   188       9        20
  1314   143       9        20
  1476  1582       9        20
  2680   866       9        20
  3166   207       9        20
  3402   423       9        20
  1315   143       9        19
  1477  1582       9        19
  2681   866       9        19
  4210   273       9        19
  4262  4727       9        19
  1265   813       9        18
  1316   143       9        18
  1479  1582       9        18
  3168   207       9        18
  4459   395       9        18
  1317   143       9        17
  3169   207       9        17
  4157  4598       9        17
  4475   349       9        17
   215   188       9        16
  2684   866       9        16
  4166  4394       9        16
  4586  1582       9        16
  4816   658       9        16
  1269   813       9        15
  2685   866       9        15
  3385   685       9        15
  4173  4557       9        15
  4916   395       9        15
  1270   813       9        14
  3387   685       9        14
  4174  4581       9        14
  4389   196       9        14
  4818   609       9        14
  1271   813       9        13
  1322   143       9        13
  3388   685       9        13
  4114  3800       9        13
  4176  4623       9        13
  4819   654       9        13
  5031   849       9        13
  3389   685       9        12
  1273   813       9        11
  3390   685       9        11
  1274   813       9        10
  4578   174       9        10
  5316   106       9        10
   384   186       9         9
  1275   813       9         9
  2929  1038       9         9
  5269  4452       9         9
  5317   106       9         9
   270   188       9         8
  1276   813       9         8
  2692   866       9         8
  4580   356       9         8
  5318   106       9         8
  5455   780       9         8
  4426  1972       9         6
  4828   671       9         6
  5482   219       9         6
  1279   813       9         5
  4829   641       9         5
  5483   224       9         5
  1280   813       9         4
  4830   677       9         4
  5445   238       9         4
  5495   329       9         4
  5598   114       9         4
  5789   342       9         4
  1281   813       9         3
  4954   104       9         2
  5223   104       9         2
  5916   685       9         2
  4441   770       9         1
    56   764      10        64
    62   669      10        64
    83   283      10        64
   100   415      10        64
   105   167      10        40
   712   471      10        40
   494   192      10        39
  1067   499      10        39
   582   558      10        38
  1073   161      10        38
  1107   498      10        38
  1136   416      10        38
   190   639      10        37
  1235   652      10        37
  1294   143      10        37
  1409   117      10        37
   191  1009      10        36
  1110   500      10        36
  1527   101      10        36
  1608   233      10        36
  1758  4608      10        35
  1765  2049      10        35
  1997   147      10        34
  2002   537      10        34
   366   140      10        33
  1459  1582      10        33
  2081   378      10        33
  2113   519      10        33
  1462  1582      10        32
   367   149      10        31
  2236   111      10        31
  2398   143      10        30
   368   157      10        29
  1466  1582      10        29
  2474   273      10        29
  1255   813      10        28
  1467  1582      10        28
  2503   141      10        28
  2620   605      10        28
  1256   813      10        27
  1468  1582      10        27
  2465  1005      10        27
  1257   813      10        26
  1469  1582      10        26
  2674   866      10        26
  2785   143      10        26
  1258   813      10        25
  1471  1582      10        25
  1472  1582      10        24
  3161   207      10        24
   588  1683      10        23
  1311   143      10        23
  1473  1582      10        23
  3162   207      10        23
  3373   685      10        23
  3396   211      10        23
  1261   813      10        22
  1474  1582      10        22
  3595   237      10        22
   374   145      10        21
  1262   813      10        21
  1475  1582      10        21
  2678   866      10        21
  3164   207      10        21
  3376   685      10        21
  1263   813      10        20
  3377   685      10        20
  4070   395      10        20
  1264   813      10        19
  3167   207      10        19
  3955   512      10        19
   213   188      10        18
  2682   866      10        18
  3381   685      10        18
  4347   461      10        18
  4370   171      10        18
  1266   813      10        17
  2683   866      10        17
  3382   685      10        17
  4481  1582      10        17
  1267   813      10        16
  3384   685      10        16
  4596  2197      10        16
   379   189      10        15
  2838   965      10        15
  4482  1582      10        15
  4573   171      10        15
  4815   272      10        15
   217   188      10        14
  4483  1582      10        14
  4790  1667      10        14
  2831  1016      10        13
  4352   461      10        13
  5036  2945      10        13
  5111   143      10        13
  4121  3800      10        12
  4485  1582      10        12
  5114   149      10        12
  4486  1582      10        11
  4821   636      10        11
  2814   461      10        10
  4822   592      10        10
  4357   461      10         9
  4825   542      10         8
  4581   171      10         7
  4826   632      10         7
  4958   104      10         6
  4957   104      10         5
  5212   104      10         5
  5252  2331      10         5
  4321  1582      10         4
  4493  1582      10         4
  4956   104      10         4
  5224   104      10         4
  5819   119      10         4
  5831   480      10         2
    98   176      11        64
   287  2085      11        40
   754   813      11        40
   292   139      11        39
   904   260      11        39
  1083   780      11        39
   164   119      11        38
  1098   161      11        37
  1109   487      11        37
  1382   143      11        37
  1451  1582      11        37
  1452  1582      11        36
   294   138      11        35
  1115   496      11        35
  1455  1582      11        35
  1536   104      11        35
  1457  1582      11        34
  1767  1008      11        34
  1901   667      11        34
  2092   144      11        33
  2004   794      11        32
  2106   297      11        32
  2129   104      11        32
  2217    89      11        32
   523  2133      11        31
  1252   813      11        31
  1591   550      11        31
  2189   312      11        31
  1465  1582      11        30
  2104   429      11        30
  2337   690      11        30
  2482   174      11        30
   531  2462      11        29
  1254   813      11        29
  2105   541      11        29
  2528   143      11        29
   202   188      11        28
  2553   143      11        28
  2566   316      11        28
   369   167      11        27
  2567   316      11        27
   570   845      11        26
  2399   428      11        26
  1597   851      11        25
   206   188      11        24
  2882   316      11        24
  3138   312      11        24
  3184   685      11        24
  3140   174      11        23
  3405  3046      11        23
   208   188      11        22
  3197   316      11        22
  3272  1886      11        22
  3374   685      11        22
  2260  1511      11        21
  2477   789      11        21
  3948   316      11        20
   375   150      11        19
  2843  1003      11        19
  2916   968      11        19
  3379   685      11        19
  2842   983      11        18
  4163   316      11        18
  1564   104      11        17
  2841   986      11        17
  4348   461      11        17
  4453   208      11        17
  4595   285      11        17
  1565   104      11        16
  2840   966      11        16
  4349   461      11        16
  4350   461      11        15
  4597   285      11        15
  2835   966      11        14
  4351   461      11        14
  4574   208      11        14
  4484  1582      11        13
  4598   285      11        13
  4329  1582      11        12
  4353   461      11        12
  4576   104      11        12
  4604  3029      11        12
  4328  1582      11        11
  4354   461      11        11
  4577   312      11        11
  4600   285      11        11
  5116   149      11        11
  4356   461      11        10
  4487  1582      11        10
  2812   434      11         9
  4488  1582      11         9
  4358   461      11         8
  4489  1582      11         8
  5273   720      11         8
  4361   461      11         7
  4959   104      11         7
  5214   104      11         7
  5524   432      11         7
  4582   208      11         6
  5213   104      11         6
  2935   787      11         5
  4322  1582      11         5
  4492  1582      11         5
  5527   419      11         5
  5563   739      11         5
  2800   430      11         4
  5813   480      11         4
  2799   430      11         3
  5832   480      11         3
  2938   747      11         2
   162   125      12        40
   727   114      12        40
   757   299      12        40
  1470   145      12        37
  1533   104      12        36
  1586   678      12        36
  1605    97      12        36
   168   125      12        34
   196   188      12        34
   721   425      12        34
   169   125      12        33
  1249   813      12        33
  1540   104      12        33
  1589  1431      12        33
  1983   108      12        33
  1250   813      12        32
  1542   104      12        32
  1854   646      12        32
  1464  1582      12        31
  1544   104      12        31
  1855   885      12        31
   200   188      12        30
  1253   813      12        30
  1545   104      12        30
  1546   104      12        29
  1903   668      12        29
  1547   104      12        28
  1904   920      12        28
  2408   905      12        28
  1549   104      12        27
   204   188      12        26
  1550   104      12        26
  1596   945      12        26
  2762   157      12        26
   371   162      12        25
   578  1309      12        25
   734   254      12        25
  1552   104      12        25
  2866   106      12        25
  1553   104      12        24
  1598   496      12        24
  1554   104      12        23
  3399   234      12        23
  1555   104      12        22
  1557   104      12        21
  3401   268      12        21
  1559   104      12        20
  2864  1054      12        20
  3800  3098      12        20
  1561   104      12        19
  1562   104      12        18
  4335  1582      12        18
  4334  1582      12        17
   877   299      12        16
  4333  1582      12        16
   878   299      12        15
  4331  1582      12        14
  4330  1582      12        13
  4966   104      12        12
  2822   460      12        11
  4327  1582      12        10
  4971  2856      12        10
  5046   226      12        10
  5118   155      12        10
  4326  1582      12         9
  4962   104      12         9
  5216   104      12         9
  2809   487      12         8
  4325  1582      12         8
  4961   104      12         8
  5215   104      12         8
  5456   155      12         8
  4324  1582      12         7
  2804   460      12         6
  4323  1582      12         6
  4491  1582      12         6
  2801   441      12         5
  4803  2612      12         1
  5979   487      12         1
    27   896      13        64
    55   556      13        64
    82  3909      13        64
   285   144      13        40
   288  1028      13        39
   784   299      13        39
   855   299      13        38
  1131   106      13        38
   856   299      13        37
  1408  1049      13        37
   166   111      13        36
   585   523      13        36
   857   299      13        36
   858   299      13        35
   859   299      13        34
   860   299      13        33
   198   188      13        32
   861   299      13        32
  2107   285      13        31
  2402   976      13        30
  2519   177      13        29
  1594   304      13        28
  2561   177      13        28
  2469   812      13        26
  2470   910      13        25
  3023   177      13        25
   372   168      13        23
  2475   882      13        23
  3297   285      13        23
  3349   770      13        23
   589  1682      13        22
  2476   926      13        22
  2865  1003      13        21
  3772  1404      13        21
  2915  1079      13        20
  4340   296      13        18
  2920  1074      13        15
  4332  1582      13        15
  4590   104      13        15
  4591   104      13        14
  4968   104      13        14
  3304   229      13        13
  4592   104      13        13
  4967   104      13        13
  2827  1025      13        12
  4593   104      13        12
  4964   104      13        11
  4983   617      13        11
  5209   104      13        11
  2926  1022      13        10
  4963   104      13        10
  5210   104      13        10
  5133    63      13         9
  4535   174      13         8
  2808   441      13         7
  4490  1582      13         7
  5146  2070      13         7
  5393   284      13         7
  5525   391      13         6
  5616  1514      13         2
  3931  1848      13         1
    94   143      14        64
   846    94      14        40
   499   231      14        39
  1091   285      14        39
   192   188      14        38
  1201   446      14        38
  1234  1449      14        38
   293   144      14        37
   194   188      14        36
  1762   112      14        35
  1831    63      14        34
  1853  1340      14        33
   521  1025      14        32
   541   158      14        31
   542   153      14        30
  1902  1338      14        30
  2405  1134      14        29
  2533   591      14        29
  2541   156      14        28
   568   844      14        27
  2507    63      14        27
  2542   157      14        27
  2621   229      14        27
  2508    63      14        26
  2543   160      14        26
  2778   348      14        26
  2544   165      14        25
  2876   348      14        25
  2910   720      14        25
   586  1734      14        24
  2473   909      14        24
  2545   164      14        24
  3189   190      14        24
  2546   159      14        23
  3196   348      14        23
  3271    88      14        23
  3527   444      14        22
  3576    96      14        22
  3859   158      14        21
  4072   348      14        19
  3148  2486      14        17
  4526   174      14        17
  4527   174      14        16
  4528   174      14        15
  4529   174      14        14
  4530   174      14        13
  2924  1034      14        12
  4531   174      14        12
  4532   174      14        11
  4533   174      14        10
  4534   174      14         9
  2932   770      14         7
  2933  1176      14         6
    44   305      15        64
   462   467      15        39
  1093   446      15        39
   187    63      15        38
   503   427      15        38
  1140   124      15        38
  1238   285      15        38
   165   111      15        37
   508   428      15        37
   536   143      15        36
  1478   112      15        36
   167   111      15        35
   510   427      15        35
  1840   285      15        35
   538   141      15        34
  2072   285      15        34
   539   137      15        33
   170   113      15        32
   171   115      15        31
  2231    63      15        31
   522   453      15        30
  2232    63      15        30
  2233    63      15        29
  2234    63      15        28
  3403   110      15        23
  2913   708      15        22
  3369   357      15        22
  1601  1187      15        21
  3831   348      15        21
  2918   616      15        17
  3957   836      15        17
  4455   348      15        17
  2919  1720      15        16
  2925  1254      15        11
  5443  4253      15         6
  5685  1230      15         5
  5643  2035      15         3
  3929  1940      15         2
  5876   503      15         2
  1416   662      15         1
  5312   318      15         1
   520   145      16        40
   163   111      16        39
   289   463      16        38
  1129    93      16        38
   509   417      16        36
   537   140      16        35
  1763  4252      16        34
   518   270      16        33
   540   140      16        32
  1771   217      16        32
  2166    92      16        32
  2356    69      16        28
  3608    63      16        22
  3375   329      16        18
  4059  4944      16        18
  3386   344      16        13
  4792  3036      16        12
  5119   918      16        12
  5120   918      16        11
  5179   261      16        10
  5182   274      16         9
  5174   698      16         5
  5311   318      16         2
  4464   230      16         1
   489   219      17        40
   535   130      17        39
   706   160      17        39
  1141    63      17        38
   290   219      17        37
  1649   476      17        36
   517   244      17        34
  2552   229      17        28
  2617  1456      17        28
  2367    99      17        27
  2715   486      17        27
  3104  1456      17        24
  3181   110      17        24
   741  1091      17        22
  2436   302      17        22
  3850   241      17        21
  4095   395      17        20
  3830   503      17        19
  2440   302      17        18
  3378   320      17        17
  3383   288      17        14
  4371   535      17         7
  5546  2262      17         5
  5774   252      17         5
  3928  1796      17         3
  2607    78      17         1
  5294    78      17         1
  6030    34      17         1
    45   279      18        64
    47   202      18        64
    78  3817      18        64
  1077   918      18        39
  1165   220      18        38
  1588   306      18        34
  1402  1456      18        33
  1403  1456      18        32
  1404  1456      18        31
  1405  1456      18        30
   543   118      18        29
  1407  1456      18        29
  2706  1456      18        27
  2711   789      18        26
  2772  1456      18        26
  2773  1456      18        25
  2434   302      18        24
  2439   302      18        19
  3372   331      18        19
  4788  2893      18        16
  2443   302      18        15
  5391   893      18         9
  5183   344      18         8
  5310   306      18         3
  5837   477      18         3
  1456   662      18         2
  4461   212      18         2
  5931   188      18         2
    43   200      19        64
    50   519      19        64
  1481    92      19        37
  1764    93      19        34
  2428   302      19        30
  2429   302      19        29
  2539   394      19        29
  2430   302      19        28
  2579   232      19        28
  2432   302      19        26
  2433   302      19        25
  3106   169      19        24
  2435   302      19        23
  3350   302      19        23
  2437   302      19        21
  2914   949      19        21
  2438   302      19        20
  2441   302      19        17
  2442   302      19        16
  4108  1998      19        14
  3920  2055      19         7
  3921  1757      19         6
  3924  1817      19         5
  3925  2024      19         4
  2937  1069      19         3
  4460   236      19         3
  2058   235      19         1
    25   928      20        64
    48   343      20        64
   584   303      20        37
  1247  4322      20        37
   291   114      20        36
  1844    93      20        35
  2071   123      20        34
   832   160      20        33
  2187   302      20        30
  1906   612      20        27
  2431   302      20        27
  2807   123      20        26
  3024   123      20        25
  2758  3614      20        23
  3366   291      20        23
  3371   307      20        20
  3380   306      20        15
  3869   446      20        14
  3876   468      20        13
  5932   189      20         1
  6036   200      20         1
  1019  4322      21        39
  1082    79      21        39
   498    96      21        37
  1585   110      21        36
  2205  3496      21        32
  2211  4068      21        27
  2213  3068      21        25
  2897    86      21        25
  2220  3782      21        24
  2757  3974      21        24
  3588  2399      21        21
  3895  2026      21        18
  3901  2057      21        14
  2931   696      21         8
  3919  1846      21         8
  5644   500      21         5
  5809   497      21         4
  1392   662      21         3
  2606    78      21         2
  5245   448      21         2
  5949    34      21         2
   990   447      21         1
  4562   251      21         1
  2716  2398      22        27
  3540  2639      22        22
  3890  1913      22        19
  3897  1796      22        17
  3900  1848      22        15
  3907  1911      22        13
  3909  1817      22        12
  5123   654      22        12
  3914  1794      22        10
  3916  1938      22         9
  5309   306      22         4
  2057   240      22         2
  5293    78      22         2
  5933   540      22         2
  1079    65      23        39
   606   124      23        36
  2763  2089      23        21
  3888  1759      23        20
  2917   884      23        18
  3899  1940      23        16
  2922   741      23        13
  4036  3508      23        12
  5232    69      23        11
  1430   662      23         7
  1421   662      23         6
  4583   297      23         5
  1435   662      23         4
  4458   216      23         4
    18   112      24        64
    46   305      24        64
    49   299      24        64
   791    86      24        40
  1590   450      24        32
  1652  4368      24        27
  1654  4238      24        25
  1656  4280      24        23
  2912   952      24        23
  1659  4378      24        20
  1660  4413      24        19
  1661  4085      24        18
  1662  4308      24        17
  1461   662      24        16
  1663  4216      24        16
  1664  4235      24        15
  4017  4143      24        15
  1438   662      24         8
  5306   306      24         7
  5505   134      24         7
  4446   214      24         6
  5307   306      24         6
  1443   662      24         5
  5308   306      24         5
   989   475      24         2
  5935   380      24         1
  1645  4258      25        32
  1646  4249      25        31
  1647  4028      25        30
  2415  4809      25        30
  1650  4387      25        28
  2208  1923      25        28
  1428   662      25        26
  1653  4165      25        26
  2972   994      25        25
  1417   662      25        23
  1599   340      25        23
  3280   294      25        23
  1657  4293      25        22
  3521   408      25        22
  1658  4325      25        21
  1420   662      25        20
  1434   662      25        19
  1422   662      25        18
  1447   662      25        15
  1446   662      25        14
  1665  4158      25        14
  1427   662      25        13
  1442   662      25        12
  1448   662      25        11
  1432   662      25        10
  1454   662      25         9
  5304   306      25         9
  4412   210      25         8
  4443   218      25         7
  4451   228      25         5
  1641  4160      26        36
  1642  4281      26        35
  1643  4364      26        34
  1644  4175      26        33
  2108  4450      26        33
  1592   382      26        30
  1648  4314      26        29
  2191  1919      26        28
  1437   662      26        25
  2754  2959      26        25
  1444   662      26        24
  1655  4351      26        24
  3265  1649      26        23
  1449   662      26        22
  1600   436      26        22
  1426   662      26        21
  1394   662      26        17
  4279   239      26        17
  4309   214      26        14
  4367   228      26        11
  4369   230      26        10
  5305   306      26         8
  5612   417      26         6
  5880  2188      26         3
  1411  1666      27        37
  1414   659      27        36
  2067  2315      27        34
  1450   659      27        33
  1419   659      27        32
  1431   662      27        30
  1429   662      27        28
  1445   662      27        27
  1907  2961      27        26
  4587   310      27        17
  4298   214      27        16
  4814   310      27        16
  4339   222      27        13
  4575   297      27        13
  4346   218      27        12
  5172   304      27        12
  5303   300      27        10
  4376   212      27         9
  5487   224      27         6
  5292    78      27         3
  5907   189      27         2
  4863  1624      27         1
    75  2997      28        64
  1418   659      28        37
  1440   659      28        35
  1833  1801      28        35
  1433   662      28        31
  1423   662      28        29
  5029   298      28        13
  2056   239      28         3
  2605    78      28         3
  5237   199      28         3
  5858    34      28         3
    74  3022      29        64
   788   155      29        40
   901   446      29        39
  1366   446      29        37
  1425   659      29        34
  1766    68      29        33
  2147   200      29        32
  2175   381      29        32
  2244    71      29        31
  2615   125      29        28
  2193   243      29        27
  2726   310      29        27
  2752   137      29        26
  4022   310      29        20
  4571   297      29        16
  4303   230      29        15
    73  3451      30        64
    81  2715      30        64
  1074  4565      30        39
  1768    66      30        32
  2228    71      30        31
  2805   149      30        26
  4099   167      30        20
  4255   210      30        18
  5231   420      30         5
  5820   628      30         4
  4561   331      30         3
  4861  1624      30         2
    76  2867      31        64
    77  2456      31        64
    80  1845      31        64
   181   660      31        40
  2218   167      31        32
  2311   167      31        31
  2576   140      31        28
  2723   125      31        27
  2760  1622      31        22
  3780   275      31        20
  3784   103      31        16
  2055   236      31         4
  5238   214      31         4
   851   181      32        39
   665   204      32        38
   998   204      32        37
   999   204      32        36
  1005   204      32        32
  1007   204      32        30
  1008   204      32        29
  2554   125      32        28
  2325   432      32        25
  2948   184      32        25
  2556   125      32        23
  3407   149      32        23
  3290   112      32        20
  4827  1408      32        14
  5176   234      32        11
  5205   420      32         8
  2053   230      32         6
  2603    78      32         5
  5290    78      32         5
    79  1712      33        64
  1687  4916      33        36
  2070   424      33        34
  1004   204      33        33
  2117   428      33        33
  1006   204      33        31
  2268   145      33        31
  2317   432      33        31
  2407   137      33        30
  2409   215      33        29
  2322   432      33        28
  2323   432      33        27
  2709   175      33        27
  2324   432      33        26
  3083   112      33        22
  3826   571      33        20
  4051   112      33        19
  2051   236      33         8
  2052   240      33         7
  5289    78      33         6
  2054   232      33         5
   459    71      34        38
  1611  1409      34        36
  1000   204      34        35
  1001   204      34        34
  2148    95      34        32
  2318   432      34        30
  2320   432      34        29
  2720   103      34        27
  2326   432      34        24
  2327   432      34        23
  4789   711      34        15
  3088   101      34        12
  5261  1216      34        11
  3816  1119      34         8
  5536    78      34         7
  2602    78      34         6
  2604    78      34         4
  5291    78      34         4
   988   467      34         3
  4859  1624      34         3
  5812   187      34         3
   345    31      34         1
    42    86      35        64
   179   104      35        40
   491   133      35        40
  1144   110      35        37
  1378  4900      35        37
  1410   130      35        37
  1412   138      35        37
  1845   460      35        35
  2204   432      35        32
  2186   102      35        31
  2274   125      35        31
  2245    82      35        30
  2623   103      35        27
  2194    56      35        26
  2195   103      35        25
  1761    82      35        24
  3071    81      35        21
  3277   112      35        21
  3740    58      35        21
  3205    81      35        20
  4344   231      35        16
  4918   412      35        13
  2050   230      35         9
  3817  2427      35         7
  5198   206      35         7
  5288    78      35         7
  5207   203      35         6
  5762   396      35         5
  4518   249      35         4
  5885   209      35         3
    37   786      36        64
   575   149      36        40
  2396   103      36        29
  2502   108      36        29
  2395   103      36        28
  2549    82      36        28
  2717    34      36        27
  1775    82      36        23
  2390   103      36        23
  2901    81      36        22
  3484  2547      36        22
  2387   103      36        21
  4343   233      36        17
  3247   314      36        16
  2047   235      36        12
  3455   318      36        12
  3774   833      36        10
  4884    78      36        10
  4885    78      36         9
  5181   196      36         9
  5416    78      36         8
    17    93      37        64
   490    93      37        39
   900  4696      37        39
  1099   112      37        37
  1790  2906      37        35
   783    97      37        34
  2065    82      37        34
  1755    82      37        28
  2033   224      37        26
  2219  1022      37        26
  2393   103      37        26
  2034   233      37        25
  2392   103      37        25
  2998  1285      37        25
  2391   103      37        24
  2878   149      37        24
  2894   101      37        24
  2389   103      37        22
  3506   103      37        22
  3370   248      37        21
  4289   236      37        19
  4338    35      37        18
  4342   233      37        18
  2044   229      37        15
  3664  1713      37        15
  2045   236      37        14
  2046   240      37        13
  4882    78      37        12
  5141   199      37        12
  2048   240      37        11
  4883    78      37        11
  5150   206      37        11
  2049   240      37        10
  5173   196      37        10
  2601    78      37         7
  5426   928      37         7
  4560   243      37         6
   987   487      37         4
  5810   185      37         4
   845    78      38        40
  1130   112      38        38
   527   103      38        37
   975    82      38        37
  2235   107      38        31
  2272   103      38        31
  2397   103      38        30
  2031   232      38        28
  2032   230      38        27
  3845    70      38        21
  2386   103      38        20
  2767   357      38        20
  3811  2338      38        20
  2385   103      38        19
  3717  2425      38        19
  3768  3517      38        17
  4878    78      38        15
  4879    78      38        14
  3771  1421      38        13
  4880    78      38        13
  3815  1933      38         9
  5338   412      38         9
  5287    78      38         8
   986   483      38         5
  5642   165      38         5
   750   103      39        40
   184    84      39        39
   902    89      39        39
  1138    84      39        38
   994    89      39        36
  1158    84      39        36
  1776    63      39        35
  2026   240      39        33
  2029   235      39        30
  2030   236      39        29
  2770   118      39        26
  3577  3697      39        22
  3195   324      39        21
  3810  1554      39        21
  3766  2716      39        18
  5286    78      39         9
  2600    78      39         8
  4558   662      39         8
  5473   173      39         7
   985   491      39         6
  5554   173      39         6
   779    34      40        40
   159    89      40        39
   600   194      40        37
  1150    84      40        37
  1567    78      40        36
  1570    89      40        36
  1161    84      40        35
  1769   745      40        35
  1757    64      40        33
  2112    89      40        33
  2027   239      40        32
  2028   240      40        31
  2997    78      40        25
  2035   239      40        24
  2036   240      40        23
  4550   874      40        17
  4588   567      40        16
  3770  1361      40        14
  4552   696      40        14
  4974   571      40        14
  3773  3325      40        11
  5239   687      40        11
  5285    78      40        10
  4559   243      40         7
  1018    89      41        39
  1847    52      41        35
  2025   240      41        34
  2084    60      41        33
  2237    78      41        30
  2581    78      41        27
  1389    78      41        26
  2784    60      41        26
  2887    60      41        25
  3198   268      41        20
  3561  3256      41        19
  3814  2392      41        16
  4782   116      41        15
  2598    78      41        10
  5334  1596      41        10
  4557   331      41         9
  5388   687      41         9
  5349   928      41         8
  5457   705      41         8
  4856  1624      41         5
  4858  1624      41         4
   903    94      42        38
  1625   123      42        36
  1829   244      42        35
  1386    78      42        28
  2580    78      42        28
  1387    78      42        27
  2582    78      42        26
  1391    78      42        25
  2583    78      42        25
  3103   728      42        24
  2586    78      42        22
  3883   571      42        20
  4100  1836      42        20
  4375   571      42        18
  4921    78      42        15
  5138   396      42        12
  5427   203      42         8
   984   467      42         7
   342    31      42         2
  1731    94      43        35
  1759    34      43        35
  2201    78      43        32
  1384    78      43        30
  2412    78      43        30
  2494    78      43        30
  1385    78      43        29
  2584    78      43        24
  2585    78      43        23
  3322    78      43        23
  2263   567      43        21
  2587    78      43        21
  2588    78      43        20
  2589    78      43        19
  4594    78      43        17
  2592    78      43        16
  3288   600      43        15
  2594    78      43        14
  2595    78      43        13
  2596    78      43        12
  2597    78      43        11
  2599    78      43         9
  5390   701      43         9
  4853  1624      43         7
  5491   448      43         7
  1377    78      44        32
  1848    60      44        32
  1383    78      44        31
  2334    78      44        31
   358  1337      44        30
  2253   571      44        28
  2254   571      44        27
  2255   571      44        26
  2262   563      44        22
  2590    78      44        18
  3229   304      44        18
  2591    78      44        17
  3276   300      44        16
  2593    78      44        15
  4907    77      44        15
  5009    78      44        14
  5030    85      44        13
  5128   203      44        12
  4556   239      44        10
  5277   203      44        10
  5314   637      44        10
  4857  1624      44         6
  1075    60      45        39
  1624    78      45        36
  1374    78      45        34
  1375    78      45        33
  2188  2487      45        29
   360  1061      45        28
   361   921      45        27
   365  1044      45        26
  2256   575      45        25
  2967   332      45        25
  2257   567      45        24
  2261   571      45        23
  3367  1127      45        23
   957   483      45        19
  3220   392      45        19
  4503    70      45        17
   970   475      45        14
  3291   560      45        14
  4553   161      45        13
   776    78      46        40
  1371    78      46        37
  1372    78      46        36
  1373    78      46        35
  2069   571      46        34
   344  1555      46        32
   356  1545      46        31
   359  1197      46        29
  2247    60      46        28
  3192   468      46        22
  3552  2485      46        21
   960   479      46        18
  3273   320      46        17
   965   483      46        16
   976   483      46        12
   978   479      46        11
  5241   605      46        11
   981   451      46        10
  4851  1624      46         8
    16    68      47        64
   183    52      47        40
  1068    78      47        39
  1071    78      47        39
  1076    78      47        39
  1085    78      47        38
  1132    78      47        38
  1231    78      47        38
  1118    78      47        37
   302  2099      47        33
  2216   947      47        32
  3190  1164      47        24
  4228    77      47        19
  4505  1129      47        17
  4705   824      47        16
  4910   252      47        15
   972   467      47        13
  4555   670      47        11
   983   463      47         8
   158    60      48        40
  3191   280      48        23
   949   467      48        22
   967   463      48        15
  4554   333      48        12
   982   479      48         9
  4849  1624      48         9
    14    71      49        64
    15    66      49        64
    39    82      49        64
   175    78      49        40
   787  2477      49        40
   924   483      49        32
   926   467      49        31
  2251   512      49        31
   936   467      49        27
  2624   236      49        27
   942   479      49        25
  2769   121      49        25
   947   491      49        23
  4834  1624      49        16
  4551   355      49        15
  4840  1624      49        13
  4845  1624      49        12
  4846  1624      49        11
  4848  1624      49        10
    41    89      50        64
  1361   228      50        34
   921   467      50        33
  2197   336      50        32
  2082    89      50        29
  2534   256      50        29
   944   491      50        24
   952   483      50        21
  3278   236      50        21
   954   475      50        20
   962   443      50        17
  4837  1624      50        15
  4839  1624      50        14
  5839    31      50         3
   532   795      51        32
  2115    79      51        32
   533   761      51        31
   929   479      51        30
  2079    85      51        30
   931   487      51        29
  2618   236      51        28
  2740    72      51        26
  2766   236      51        24
  4000   209      51        20
  4211   105      51        19
  4480    62      51        17
  4566  1624      51        17
  4508   159      51        16
   513   556      52        37
   911   495      52        37
  1639   533      52        36
  2075    81      52        33
  2116    77      52        31
   934   467      52        28
  2670   252      52        27
   939   447      52        26
  2802   252      52        26
  4450  1624      52        18
  4655    85      52        16
    40    94      53        64
   512   538      53        38
   908   475      53        38
   528   625      53        35
  1777   336      53        35
   530   591      53        33
  2538   191      53        28
  1640   173      53        27
    38    89      54        64
   581   389      54        40
   778   531      54        40
   906   467      54        39
   529   557      54        34
   918   463      54        34
  2663   103      54        27
  3839   120      54        21
  3998    68      54        20
   341    31      54         3
    13    82      55        64
   172   531      55        40
   525   507      55        40
   916   443      55        35
  1606   112      55        31
  1610   112      55        29
  1689   173      55        26
  1696   173      55        25
  5808    42      55         4
   611   112      56        35
  1612   173      56        30
  2768    60      56        26
  2782   311      56        24
  3539   434      56        22
  3843   434      56        21
  4081   434      56        20
  4283   434      56        19
  2492   152      56        16
   705    89      57        40
   838   443      57        40
   526   489      57        36
   914   463      57        36
  1607   143      57        36
  1558   112      57        33
  1352   112      57        32
  2771    56      57        26
  3043    74      57        24
  2485   152      57        22
  2488   152      57        19
  4288  1444      57        18
  2491   152      57        17
  5581  1011      57         6
  2424   152      58        27
  2426   152      58        25
  3020    74      58        25
  2484   152      58        23
  2486   152      58        21
  2489   152      58        20
  2490   152      58        18
  1181   106      59        37
  2421   152      59        28
  2425   152      59        26
  2427   152      59        24
  2564  4967      59         7
  2563  4967      59         6
   340    31      59         4
   506   214      60        39
  1179   106      60        38
  2780   148      60        25
   457   210      61        40
  1111    63      61        38
  1783   152      61        30
  1784   152      61        29
  1603  1444      62        35
  1781   152      62        32
  1782   152      62        31
  2531   100      62        29
   339    31      62         5
  1522    89      63        36
  1780   152      63        33
  2834   839      63        16
  2565  4967      63         8
  4979   839      64        14
  5149   591      64        12
   583   178      65        38
  2832   839      65        17
  4915   839      65        15
   569   157      66        39
  1779   152      66        34
  2830   839      66        18
  5062   591      66        13
   338    31      66         6
   567   109      67        40
  2828   839      67        19
   337    31      67         7
  2825   839      68        21
  2826   839      68        20
  1778   152      69        35
  2821   839      69        22
  2815   839      70        24
  2820   839      70        23
   336    31      70         8
    36  1440      71        64
  1094   100      71        39
  2813   839      71        25
   773   100      72        40
  1705   100      73        34
  2671   831      73        27
  2570  4967      73        25
  2803   831      74        26
  2551  2455      75        28
  3748    45      75        21
  2573  4967      76        28
  4080    51      76        20
   334    31      76        10
    12    63      77        64
  2791    75      77        25
  4457    51      77        18
   335    31      77         9
  2094    51      78        33
   327    31      79        14
   329    31      79        13
   331    31      79        11
   325    31      80        16
   326    31      80        15
   330    31      80        12
    11    60      83        64
   323    31      83        17
   319    31      84        21
   322    31      84        18
   514   531      85        39
   317    31      85        23
   318    31      85        22
   320    31      85        20
   321    31      85        19
   736   453      86        40
   515   249      86        38
  2127    31      87        32
   316    31      87        24
   747    31      88        30
  1195    31      88        29
  2540    31      88        29
  1200    31      88        28
  1080   147      89        39
  1180    31      89        32
  1190    31      89        30
   313    31      89        27
   314    31      89        26
   315    31      89        25
   745    31      90        31
  1186    31      90        31
   310    31      90        30
   311    31      90        29
   312    31      90        28
   793    35      91        40
  1178    31      91        33
   742    31      91        32
  1156    31      91        32
   309    31      91        31
   740    31      92        33
  1155    31      92        33
    10   124      93        64
   173    31      93        40
   307    31      93        33
   308    31      93        32
  1173    31      94        34
  1171    31      95        35
   738    31      95        34
  1152    31      95        34
     9   106      96        64
  1164    31      96        38
  1166    31      96        37
  1104    31      96        36
  1168    31      96        36
   305    31      96        35
   735    31      96        35
  1106    31      96        35
   658    31      97        40
   717    31      97        39
   301    31      97        38
   720    31      97        38
  1145    31      97        38
   723    31      97        37
   733    31      97        36
  1151    31      97        35
   306    31      97        34
   178    31      98        40
   579    31      98        40
   710    31      98        40
   300    31      98        39
   157    31      98        38
  1146    31      98        37
  1149    31      98        36
   103    31      99        40
   155    31      99        40
   299    31      99        40
   156    31      99        39
   303    31      99        37
   304    31      99        36
     7   531     110        64
     6    63     114        64
     8   100     115        64
     5    45     121        64
     4   271     144        64
     3    51     155        64
     2    31     166        64
     1    31     191        64
unsolved:
[90,
 762,
 786,
 454,
 1090,
 1095,
 1148,
 1133,
 1154,
 1157,
 1485,
 1616,
 1159,
 1617,
 1160,
 1488,
 1619,
 1712,
 1163,
 1621,
 1169,
 1490,
 2119,
 2087,
 2227,
 1626,
 2090,
 1627,
 2091,
 1628,
 2093,
 1629,
 2095,
 2097,
 2761,
 1631,
 2098,
 2753,
 2759,
 3145,
 3177,
 1633,
 2103,
 3193,
 1634,
 2110,
 3199,
 3580,
 1635,
 2111,
 3245,
 3610,
 3706,
 3871,
 1966,
 2120,
 3707,
 3840,
 3854,
 4028,
 4060,
 4077,
 1637,
 1987,
 2121,
 2877,
 3622,
 3708,
 4029,
 4098,
 4293,
 4294,
 2122,
 2928,
 3072,
 3625,
 3709,
 3805,
 3874,
 4008,
 4030,
 4112,
 4206,
 4439,
 4454,
 1991,
 2123,
 3113,
 3626,
 3710,
 3802,
 4010,
 4031,
 4212,
 4377,
 4383,
 4456,
 4468,
 4472,
 4474,
 4572,
 2124,
 3711,
 3846,
 3945,
 4032,
 4240,
 4378,
 4599,
 4608,
 4696,
 4780,
 4809,
 2126,
 3151,
 3411,
 3668,
 3712,
 3972,
 4033,
 4248,
 4384,
 4808,
 4876,
 4877,
 2130,
 3418,
 3713,
 4034,
 4135,
 4252,
 4385,
 4639,
 4812,
 4909,
 4930,
 4984,
 2138,
 3714,
 3943,
 4035,
 4275,
 4386,
 4823,
 4923,
 5034,
 3585,
 3715,
 4172,
 4387,
 4401,
 4651,
 4674,
 4860,
 4927,
 4928,
 4932,
 5136,
 5142,
 3586,
 3682,
 3716,
 4037,
 4192,
 4282,
 4388,
 4684,
 4871,
 4960,
 5130,
 5259,
 3718,
 3977,
 4038,
 4223,
 4284,
 4390,
 4679,
 4687,
 4970,
 5068,
 5175,
 5236,
 5276,
 5302,
 3719,
 4039,
 4220,
 4302,
 4391,
 4423,
 4688,
 4975,
 5047,
 5113,
 5192,
 5260,
 5332,
 5337,
 3721,
 4040,
 4304,
 4368,
 4392,
 4694,
 4989,
 5022,
 5048,
 5072,
 5140,
 5333,
 5372,
 5408,
 5459,
 3722,
 3875,
 4393,
 4698,
 5074,
 5112,
 5234,
 5339,
 5460,
 5492,
 5526,
 5533,
 3723,
 4042,
 4306,
 4380,
 4394,
 4700,
 4976,
 5083,
 5108,
 5115,
 5168,
 5347,
 5371,
 5570,
 5571,
 5575,
 5583,
 5591,
 5599,
 3724,
 4043,
 4702,
 4981,
 5053,
 5121,
 5348,
 5507,
 5576,
 5603,
 5613,
 5617,
 5648,
 5654,
 5672,
 5688,
 5737,
 1744,
 3725,
 4704,
 4722,
 4986,
 5054,
 5132,
 5180,
 5351,
 5514,
 5565,
 5578,
 5607,
 5619,
 5636,
 5693,
 5786,
 5799,
 5816,
 5830,
 3726,
 4046,
 4398,
 4706,
 4724,
 4992,
 5086,
 5134,
 5352,
 5532,
 5580,
 5610,
 5615,
 5620,
 5640,
 5671,
 5696,
 5805,
 5864,
 5874,
 5878,
 5879,
 5883,
 5887,
 1746,
 4047,
 4399,
 4419,
 4710,
 4730,
 4993,
 5056,
 5144,
 5535,
 5582,
 5621,
 5638,
 5645,
 5703,
 5726,
 5860,
 5888,
 5914,
 5957,
 5964,
 1747,
 4718,
 4731,
 5058,
 5088,
 5585,
 5622,
 5647,
 5717,
 5865,
 5875,
 5893,
 5910,
 5915,
 5956,
 5982,
 5987,
 5999,
 6012,
 6022,
 6031,
 6035,
 346,
 991,
 1284,
 1340,
 1463,
 1748,
 2059,
 2304,
 2608,
 2700,
 2793,
 2941,
 3729,
 3933,
 4049,
 4317,
 4402,
 4442,
 4467,
 4497,
 4563,
 4624,
 4725,
 4732,
 4749,
 4804,
 4841,
 4864,
 4952,
 5007,
 5015,
 5059,
 5089,
 5164,
 5196,
 5220,
 5295,
 5313,
 5326,
 5344,
 5365,
 5382,
 5450,
 5475,
 5499,
 5516,
 5589,
 5623,
 5625,
 5649,
 5732,
 5792,
 5795,
 5806,
 5828,
 5852,
 5886,
 5889,
 5894,
 5901,
 5920,
 5934,
 5937,
 5962,
 5977,
 5983,
 5986,
 5988,
 5992,
 6003,
 6023,
 6033,
 6037,
 6038,
 6039,
 6040,
 6046,
 6050,
 6056,
 6060,
 6061,
 6066,
 6067,
 6070,
 6072,
 6073]
unsolved qty:
435
