[762,
 1095,
 1148,
 1154,
 1157,
 1159,
 1160,
 1163,
 1169,
 2087,
 2090,
 2091,
 2093,
 2095,
 2097,
 2098,
 3177,
 2103,
 2110,
 2111,
 2120,
 2121,
 4293,
 2122,
 2123,
 2124,
 4032,
 2126,
 2130,
 2138,
 4674,
 4684,
 4687,
 4220,
 4688,
 4694,
 4698,
 4700,
 4702,
 4704,
 5816,
 4706,
 4710,
 5703,
 4718,
 4732,
 5732,
 6066,
 4752,
 6084,
 6115,
 4753,
 5972,
 4769,
 6203,
 6207,
 4771,
 6088,
 4055,
 4777,
 5538,
 5775,
 6091,
 6201,
 90,
 101,
 454,
 1485,
 1616,
 1617,
 1619,
 1490,
 2761,
 2753,
 2759,
 3145,
 3193,
 3199,
 3245,
 3610,
 3706,
 3707,
 4077,
 1987,
 2877,
 3708,
 4029,
 4098,
 2928,
 3709,
 4030,
 3113,
 3710,
 3802,
 4031,
 4212,
 4468,
 3711,
 3945,
 3151,
 3411,
 3712,
 3972,
 4876,
 3418,
 3713,
 4135,
 4909,
 4984,
 3714,
 4035,
 4275,
 4386,
 4923,
 3715,
 4172,
 4401,
 4928,
 4932,
 5142,
 3716,
 4960,
 5130,
 3718,
 4038,
 4223,
 4390,
 4679,
 4970,
 5175,
 5276,
 5302,
 3719,
 4039,
 5047,
 5332,
 5337,
 3721,
 4040,
 4989,
 5333,
 5372,
 3722,
 3875,
 4230,
 5112,
 5339,
 5533,
 3723,
 4042,
 4976,
 5347,
 5371,
 5570,
 5583,
 5599,
 3724,
 4043,
 5121,
 5348,
 5507,
 5603,
 5617,
 5654,
 5688,
 3725,
 4722,
 5132,
 5351,
 5514,
 5607,
 5619,
 5693,
 3726,
 4046,
 5134,
 5352,
 5532,
 5610,
 5620,
 5696,
 5879,
 4047,
 5056,
 5144,
 5535,
 5621,
 5638,
 5860,
 5888,
 5914,
 5957,
 5622,
 5875,
 5893,
 5910,
 5915,
 6012,
 6031,
 3729,
 4749,
 5623,
 5889,
 5894,
 6038,
 6039,
 6070,
 3730,
 4050,
 5624,
 5738,
 5895,
 5948,
 5970,
 5984,
 6052,
 6119,
 6124,
 3738,
 5626,
 5743,
 5896,
 5950,
 5998,
 6126,
 6146,
 6168,
 6172,
 4053,
 4765,
 5594,
 5627,
 5753,
 5952,
 5971,
 6078,
 6096,
 6129,
 6179,
 6191,
 4054,
 5066,
 5129,
 5628,
 5759,
 5898,
 5954,
 5973,
 6121,
 6132,
 6171,
 6180,
 6194,
 6197,
 6202,
 6219,
 6220,
 6243,
 1753,
 5067,
 5629,
 5667,
 5899,
 5955,
 5976,
 6071,
 6122,
 6181,
 6195,
 6206,
 6225,
 6248,
 6253,
 6258,
 22,
 24,
 84,
 87,
 91,
 786,
 905,
 1090,
 1239,
 1133,
 1241,
 1367,
 1406,
 1714,
 2227,
 1628,
 1718,
 2730,
 1631,
 2816,
 2969,
 1722,
 2818,
 3294,
 3578,
 3580,
 3594,
 3348,
 3840,
 4060,
 1637,
 1989,
 3072,
 3624,
 3625,
 3874,
 4112,
 4206,
 4439,
 4454,
 1991,
 3410,
 4377,
 4456,
 4472,
 4474,
 3846,
 3954,
 4378,
 3866,
 4033,
 4808,
 4385,
 4639,
 4812,
 4645,
 4823,
 5034,
 3885,
 4387,
 4651,
 4860,
 3682,
 4037,
 4282,
 4388,
 4871,
 5259,
 1737,
 3781,
 4284,
 5236,
 3803,
 4391,
 4423,
 4975,
 1739,
 5072,
 5140,
 1740,
 5074,
 5414,
 4306,
 5115,
 5591,
 4395,
 4981,
 5053,
 5613,
 5648,
 5737,
 4044,
 5054,
 5180,
 5799,
 5824,
 4724,
 4992,
 5580,
 5805,
 5833,
 5883,
 4419,
 4730,
 5582,
 5645,
 5785,
 4731,
 5647,
 5717,
 6035,
 5059,
 5589,
 5625,
 5649,
 5886,
 5937,
 5962,
 6023,
 5060,
 5853,
 6025,
 6125,
 1750,
 4052,
 4404,
 4762,
 5063,
 5592,
 5854,
 6026,
 5065,
 5202,
 6027,
 6120,
 6148,
 6211,
 1752,
 4406,
 4449,
 5595,
 5663,
 6028,
 6150,
 6241,
 5171,
 5596,
 6029,
 6210,
 6246,
 6250,
 67,
 68,
 88,
 89,
 794,
 1486,
 1711,
 1843,
 1488,
 1712,
 1875,
 1621,
 1885,
 2118,
 1899,
 2119,
 1715,
 1933,
 1945,
 1626,
 1716,
 1941,
 1947,
 2250,
 1627,
 1965,
 2505,
 1629,
 1719,
 1971,
 1972,
 1721,
 1973,
 1632,
 2817,
 3073,
 3179,
 1633,
 2836,
 1634,
 1980,
 2819,
 3562,
 1982,
 3347,
 3852,
 3871,
 1726,
 1984,
 3342,
 3854,
 3940,
 4028,
 1727,
 2883,
 3622,
 4079,
 1728,
 3368,
 3767,
 3834,
 4008,
 3340,
 3626,
 4010,
 4383,
 1730,
 3034,
 4240,
 4599,
 4696,
 4780,
 1732,
 3668,
 4248,
 4384,
 4637,
 4034,
 4972,
 3585,
 4927,
 1736,
 3586,
 4192,
 4652,
 5151,
 3977,
 5079,
 1738,
 3979,
 4302,
 4685,
 5260,
 5272,
 4304,
 4368,
 4392,
 5048,
 5081,
 5408,
 5459,
 4393,
 5082,
 5460,
 1741,
 4119,
 4394,
 5108,
 5571,
 4719,
 5576,
 5672,
 5770,
 4396,
 4986,
 5578,
 4398,
 5615,
 5640,
 5874,
 5878,
 4399,
 4993,
 5087,
 5964,
 1747,
 5058,
 5585,
 5956,
 5999,
 6022,
 1748,
 4402,
 5089,
 5852,
 1749,
 4403,
 4757,
 5026,
 6133,
 5028,
 5167,
 6065,
 1751,
 4405,
 5868,
 5897,
 6170,
 6213,
 4773,
 5093,
 5503,
 6082,
 6089,
 6212,
 4407,
 4452,
 4778,
 5131,
 6000,
 6094,
 6254,
 69,
 72,
 85,
 86,
 556,
 676,
 1097,
 1021,
 612,
 678,
 1022,
 1368,
 1460,
 679,
 1492,
 1510,
 1024,
 659,
 1025,
 1026,
 1489,
 1713,
 1027,
 555,
 1028,
 1029,
 686,
 1030,
 1717,
 1952,
 2333,
 730,
 2352,
 2527,
 1720,
 2626,
 690,
 2627,
 1977,
 2629,
 2810,
 1723,
 1959,
 2630,
 1724,
 2631,
 3560,
 1725,
 1963,
 3281,
 3734,
 3813,
 1636,
 1966,
 3634,
 3819,
 4101,
 2721,
 3298,
 3351,
 3857,
 3965,
 4287,
 4294,
 4295,
 1638,
 3303,
 3805,
 4336,
 1729,
 3638,
 1999,
 3194,
 4364,
 4567,
 4608,
 4073,
 4234,
 4874,
 4906,
 2896,
 3863,
 4252,
 4286,
 4409,
 4930,
 1734,
 2898,
 3037,
 3677,
 3943,
 4138,
 4237,
 4476,
 5027,
 5039,
 5103,
 1735,
 5104,
 5136,
 5139,
 3646,
 4242,
 5105,
 5068,
 5154,
 5335,
 5197,
 5336,
 4117,
 4691,
 5417,
 4305,
 4425,
 4697,
 5050,
 5157,
 5203,
 5418,
 3992,
 4250,
 4699,
 5168,
 5419,
 5575,
 1742,
 5420,
 5705,
 5746,
 1744,
 5085,
 5160,
 5421,
 5565,
 5830,
 5055,
 5086,
 5422,
 5671,
 5725,
 5782,
 1746,
 5882,
 5163,
 5787,
 5986,
 6033,
 6037,
 6067,
 6083,
 6116,
 5346,
 5092,
 5519,
 5869,
 6151,
 5100,
 5265,
 6153,
 6159,
 6221,
 6245,
 32,
 61,
 64,
 65,
 71,
 93,
 95,
 97,
 675,
 713,
 899,
 1020,
 1453,
 1023,
 647,
 680,
 681,
 664,
 1760,
 683,
 2225,
 685,
 1949,
 2330,
 2504,
 687,
 1031,
 688,
 1953,
 2625,
 2628,
 2672,
 689,
 1630,
 2530,
 2666,
 2712,
 2903,
 737,
 2718,
 2824,
 3344,
 3406,
 1960,
 3346,
 3546,
 2779,
 2844,
 3862,
 2578,
 2868,
 3293,
 746,
 3031,
 3567,
 3636,
 4111,
 3032,
 3956,
 4444,
 3841,
 4337,
 4572,
 3690,
 4229,
 4781,
 4809,
 4832,
 3035,
 3952,
 3996,
 4372,
 4877,
 1733,
 3036,
 3223,
 3642,
 3691,
 4026,
 4236,
 4988,
 4165,
 4926,
 3038,
 3970,
 4239,
 4281,
 4570,
 5071,
 3039,
 3976,
 4601,
 5106,
 3040,
 3647,
 3683,
 4422,
 4708,
 5020,
 5195,
 3041,
 4784,
 5069,
 5080,
 5113,
 3985,
 4424,
 4875,
 4969,
 5022,
 5199,
 5208,
 5411,
 4905,
 4973,
 5107,
 5492,
 5511,
 5526,
 4251,
 5083,
 5204,
 5508,
 5609,
 5084,
 5097,
 5189,
 5510,
 5614,
 5724,
 5797,
 5856,
 5857,
 5864,
 5513,
 5726,
 5912,
 5967,
 5014,
 5088,
 5515,
 5865,
 5884,
 5908,
 5974,
 5987,
 4442,
 5015,
 5516,
 5977,
 5988,
 6060,
 6061,
 5090,
 5500,
 5517,
 5590,
 5866,
 5990,
 6058,
 6118,
 5091,
 5501,
 6085,
 6100,
 6114,
 6145,
 6186,
 5011,
 5124,
 6087,
 6101,
 6162,
 6184,
 6199,
 5012,
 5859,
 6102,
 6152,
 6156,
 6196,
 6240,
 5387,
 5504,
 6103,
 28,
 96,
 502,
 519,
 1014,
 1237,
 1832,
 1670,
 682,
 722,
 2209,
 2215,
 684,
 2226,
 2267,
 2526,
 2455,
 2662,
 2774,
 2525,
 3188,
 739,
 1979,
 2731,
 3352,
 3356,
 3397,
 3409,
 3178,
 3873,
 2797,
 3735,
 3867,
 748,
 3568,
 3569,
 3022,
 3345,
 3547,
 3570,
 3639,
 3959,
 4774,
 3549,
 3571,
 3641,
 4811,
 4913,
 5032,
 5035,
 4893,
 4408,
 4933,
 5188,
 4965,
 4997,
 5044,
 4440,
 4897,
 3989,
 5234,
 5375,
 4380,
 5001,
 5051,
 5186,
 5002,
 5135,
 5509,
 5102,
 5191,
 5636,
 5723,
 5786,
 5496,
 5512,
 5005,
 5814,
 5958,
 5006,
 5618,
 5499,
 5806,
 5008,
 5345,
 2306,
 4447,
 5010,
 5384,
 5631,
 5863,
 6138,
 6143,
 2307,
 4763,
 5169,
 5385,
 5502,
 2309,
 4764,
 5386,
 5905,
 4855,
 5013,
 5906,
 6182,
 6222,
 30,
 31,
 66,
 70,
 92,
 1162,
 716,
 719,
 1834,
 286,
 2068,
 1842,
 1942,
 674,
 724,
 1943,
 728,
 2230,
 729,
 2414,
 2548,
 2550,
 731,
 2668,
 732,
 2522,
 2661,
 2777,
 2966,
 3146,
 3180,
 3404,
 2736,
 2839,
 3143,
 3563,
 3583,
 3584,
 743,
 2737,
 3565,
 3629,
 3632,
 3824,
 3836,
 3566,
 4105,
 3637,
 2742,
 3958,
 2743,
 3860,
 2744,
 2745,
 3559,
 4813,
 4912,
 4977,
 4990,
 2746,
 3274,
 3564,
 4994,
 2747,
 3681,
 4665,
 4995,
 5018,
 5038,
 5043,
 5152,
 2749,
 4996,
 5019,
 5042,
 4895,
 5110,
 5244,
 4428,
 4922,
 4998,
 5021,
 5155,
 5262,
 5392,
 2296,
 4999,
 5057,
 5266,
 2297,
 4678,
 5000,
 5061,
 5476,
 5742,
 2300,
 4414,
 5003,
 5378,
 5573,
 5745,
 5798,
 2301,
 5004,
 5341,
 5379,
 5838,
 5887,
 4721,
 5380,
 5641,
 5194,
 5343,
 5381,
 5498,
 5815,
 5900,
 5007,
 5164,
 5344,
 5382,
 2305,
 5383,
 5655,
 6185,
 4448,
 4627,
 6154,
 6188,
 4628,
 4852,
 6217,
 2310,
 4766,
 5394,
 6251,
 20,
 51,
 53,
 59,
 60,
 613,
 1167,
 1390,
 1938,
 2074,
 2125,
 2196,
 726,
 2229,
 2240,
 2331,
 2241,
 2276,
 2404,
 2513,
 2521,
 2278,
 2388,
 2514,
 2279,
 2354,
 2515,
 2280,
 2516,
 2524,
 2733,
 2734,
 2283,
 2735,
 3130,
 2284,
 2750,
 1635,
 3141,
 3865,
 2286,
 2738,
 2872,
 3795,
 2739,
 3152,
 3949,
 2741,
 3153,
 3984,
 2289,
 2888,
 3154,
 3917,
 3155,
 3579,
 4656,
 2893,
 4919,
 2290,
 3160,
 4924,
 2291,
 3176,
 5017,
 2292,
 3964,
 2293,
 4667,
 5045,
 2294,
 4360,
 2295,
 4673,
 5373,
 4676,
 5184,
 5374,
 3971,
 5185,
 2298,
 3974,
 5064,
 5158,
 5376,
 5493,
 2299,
 4618,
 5178,
 5377,
 5777,
 4619,
 4415,
 4620,
 4720,
 5161,
 5190,
 5871,
 2302,
 4621,
 5342,
 5843,
 5890,
 2303,
 4400,
 4623,
 4723,
 6032,
 2304,
 4624,
 4725,
 4625,
 5200,
 5861,
 5902,
 4626,
 6090,
 5170,
 6178,
 6086,
 6204,
 6256,
 33,
 34,
 52,
 63,
 1396,
 630,
 1229,
 1397,
 1398,
 2088,
 2005,
 2146,
 2210,
 2200,
 2238,
 2275,
 691,
 2266,
 2355,
 2466,
 2277,
 2496,
 2523,
 2509,
 2788,
 1956,
 2281,
 2796,
 2968,
 2282,
 2875,
 2886,
 3249,
 2755,
 3139,
 3201,
 3607,
 2285,
 3746,
 3788,
 744,
 3142,
 3947,
 3953,
 2287,
 2880,
 3744,
 3804,
 3981,
 4285,
 2288,
 3807,
 3951,
 2909,
 3822,
 3960,
 4603,
 3157,
 3760,
 3828,
 3961,
 4904,
 3759,
 3832,
 3962,
 4607,
 4660,
 3758,
 3833,
 3963,
 4609,
 4663,
 3756,
 3838,
 4612,
 5240,
 3101,
 3755,
 3884,
 4613,
 4670,
 3754,
 4366,
 4579,
 4614,
 5192,
 3969,
 4615,
 4616,
 4617,
 5075,
 4682,
 5444,
 4713,
 5811,
 5193,
 5497,
 5531,
 5978,
 5982,
 5196,
 5795,
 5901,
 5983,
 4759,
 5166,
 4761,
 5206,
 5903,
 6183,
 4850,
 5368,
 5855,
 5904,
 6177,
 5369,
 6105,
 6229,
 2950,
 4947,
 5370,
 19,
 21,
 29,
 54,
 99,
 847,
 566,
 714,
 221,
 1609,
 1400,
 2000,
 2003,
 2080,
 2206,
 2498,
 524,
 2499,
 1595,
 2713,
 2719,
 2874,
 2751,
 3312,
 3362,
 2764,
 3745,
 3973,
 2829,
 2885,
 2895,
 3763,
 4379,
 3762,
 3812,
 3848,
 3986,
 4381,
 2891,
 3761,
 4606,
 4657,
 4397,
 2900,
 3757,
 3835,
 4611,
 5143,
 4931,
 5271,
 3904,
 3967,
 3102,
 3968,
 5357,
 5407,
 4797,
 5301,
 5358,
 5406,
 4680,
 5405,
 5600,
 5159,
 5360,
 5404,
 5403,
 5362,
 5402,
 5363,
 5401,
 5364,
 5793,
 5365,
 5366,
 5367,
 5807,
 6147,
 6175,
 5928,
 4948,
 5929,
 5227,
 5481,
 6008,
 23,
 58,
 328,
 759,
 715,
 1232,
 1291,
 1743,
 1349,
 2109,
 2271,
 2403,
 1950,
 2500,
 2669,
 2714,
 2501,
 2710,
 2786,
 2845,
 2861,
 2846,
 2847,
 2848,
 3417,
 2849,
 3806,
 2853,
 2857,
 3990,
 2860,
 4088,
 2862,
 3169,
 4638,
 4810,
 4817,
 4389,
 4602,
 4881,
 5040,
 5101,
 3891,
 3966,
 4894,
 5153,
 4410,
 4896,
 5249,
 5356,
 4796,
 4898,
 5359,
 5719,
 5361,
 5781,
 5783,
 5162,
 5530,
 5784,
 5968,
 6002,
 6011,
 4049,
 6046,
 5796,
 6004,
 6135,
 4847,
 5922,
 6142,
 4807,
 6190,
 4501,
 6226,
 1345,
 2532,
 6227,
 26,
 57,
 62,
 83,
 160,
 823,
 614,
 907,
 909,
 1170,
 770,
 910,
 1395,
 912,
 1242,
 913,
 1243,
 915,
 1244,
 917,
 2114,
 919,
 920,
 2493,
 1593,
 2467,
 2537,
 2620,
 2616,
 2511,
 2619,
 2724,
 2342,
 2512,
 1958,
 3156,
 3161,
 3182,
 3162,
 3286,
 3416,
 3528,
 3164,
 3166,
 3402,
 3167,
 3829,
 3955,
 4090,
 4262,
 4290,
 3168,
 4987,
 4791,
 4221,
 5230,
 5267,
 4356,
 5268,
 4795,
 5156,
 5270,
 5608,
 5602,
 4800,
 4802,
 5817,
 5916,
 5917,
 5965,
 5985,
 5920,
 6003,
 4445,
 5921,
 4314,
 4806,
 6005,
 6136,
 4313,
 4500,
 4949,
 6006,
 1344,
 2704,
 2947,
 4312,
 5480,
 6007,
 2705,
 4311,
 4502,
 5930,
 6257,
 56,
 98,
 100,
 494,
 1044,
 582,
 1608,
 1126,
 1623,
 1758,
 2006,
 2007,
 1128,
 2081,
 2168,
 2264,
 2332,
 2335,
 2338,
 2353,
 2474,
 2495,
 2339,
 2503,
 2535,
 2566,
 2569,
 2340,
 2506,
 2341,
 2400,
 2343,
 2789,
 2413,
 2420,
 3144,
 2265,
 2794,
 3948,
 4370,
 4459,
 4157,
 4166,
 4596,
 3385,
 4350,
 4920,
 3387,
 4174,
 3388,
 4819,
 5031,
 3389,
 3390,
 3391,
 4794,
 3392,
 5269,
 3393,
 4580,
 3394,
 5412,
 5486,
 4828,
 5415,
 5601,
 4411,
 5252,
 5635,
 5776,
 2936,
 5604,
 5637,
 5794,
 4833,
 5605,
 4319,
 5945,
 4318,
 5919,
 4317,
 4315,
 4844,
 6117,
 4499,
 4950,
 1343,
 2536,
 5226,
 1289,
 5821,
 35,
 287,
 357,
 904,
 1083,
 711,
 1123,
 1240,
 1124,
 1235,
 1370,
 1125,
 1127,
 1539,
 2102,
 2004,
 2106,
 2129,
 2236,
 2308,
 2104,
 2337,
 2468,
 2105,
 2553,
 2567,
 1954,
 2785,
 2410,
 2882,
 3184,
 3373,
 2418,
 3197,
 3374,
 3581,
 3587,
 3595,
 3604,
 3376,
 3377,
 4070,
 1477,
 3379,
 4210,
 1479,
 3381,
 4163,
 4347,
 3382,
 4348,
 4475,
 4481,
 3384,
 4349,
 4586,
 4816,
 2838,
 4173,
 4382,
 4482,
 4573,
 4916,
 4351,
 4483,
 4352,
 5070,
 4353,
 4576,
 4820,
 4345,
 4354,
 4793,
 5264,
 5340,
 4357,
 4824,
 4358,
 5413,
 5436,
 5454,
 4361,
 4581,
 4826,
 5439,
 4321,
 4493,
 5789,
 4320,
 4801,
 5851,
 4497,
 4841,
 2943,
 4498,
 1342,
 5218,
 5217,
 5479,
 6043,
 5836,
 6044,
 6045,
 55,
 82,
 1096,
 1452,
 1455,
 1457,
 1997,
 1459,
 2189,
 2398,
 531,
 1466,
 2528,
 1467,
 1468,
 2399,
 1471,
 1472,
 3138,
 1473,
 1474,
 3272,
 3400,
 1475,
 1476,
 2843,
 4453,
 4584,
 2921,
 4574,
 4790,
 4818,
 4176,
 4484,
 4485,
 4604,
 4486,
 4577,
 2814,
 4487,
 4822,
 4971,
 2929,
 4488,
 1331,
 4489,
 4825,
 1334,
 4426,
 4582,
 1335,
 4322,
 4492,
 4829,
 5212,
 5494,
 1336,
 4830,
 5813,
 4494,
 5222,
 5832,
 1338,
 4495,
 4954,
 5223,
 1339,
 4496,
 4838,
 4953,
 5221,
 5449,
 1340,
 2941,
 4952,
 5220,
 5450,
 5828,
 6040,
 1341,
 4951,
 5219,
 6041,
 2790,
 5826,
 2703,
 2787,
 5329,
 5825,
 1288,
 5330,
 1073,
 1136,
 1139,
 1294,
 1382,
 1451,
 1586,
 1296,
 1587,
 1765,
 168,
 1297,
 1298,
 1589,
 2092,
 1462,
 523,
 1300,
 1301,
 1465,
 2482,
 1302,
 1303,
 1304,
 1305,
 1469,
 1596,
 1308,
 1307,
 1598,
 2911,
 1311,
 3140,
 3405,
 1312,
 1313,
 3772,
 1314,
 2864,
 3800,
 1315,
 2916,
 1316,
 2842,
 4291,
 4335,
 376,
 1317,
 2841,
 4334,
 4595,
 877,
 1318,
 2840,
 4333,
 878,
 1319,
 4332,
 4597,
 1321,
 2835,
 4331,
 2831,
 4330,
 4598,
 1323,
 4329,
 382,
 1324,
 4328,
 4600,
 4821,
 4983,
 1325,
 4327,
 1326,
 4326,
 4325,
 5215,
 1332,
 4041,
 4324,
 5214,
 5524,
 2804,
 4323,
 4958,
 5213,
 2935,
 4957,
 5527,
 4956,
 5224,
 5445,
 5495,
 5780,
 1337,
 1745,
 4955,
 4836,
 5831,
 5829,
 6001,
 5827,
 2702,
 5328,
 5478,
 6214,
 6076,
 757,
 784,
 855,
 1107,
 856,
 1098,
 1369,
 1110,
 1295,
 858,
 1536,
 859,
 860,
 861,
 1299,
 367,
 2107,
 2465,
 1597,
 588,
 3297,
 3349,
 589,
 3527,
 2260,
 2865,
 3401,
 1322,
 5036,
 2827,
 2822,
 4578,
 5216,
 2809,
 4961,
 5455,
 4490,
 4959,
 4491,
 5611,
 2800,
 5447,
 2798,
 2795,
 2793,
 2946,
 94,
 105,
 107,
 288,
 499,
 1067,
 1109,
 857,
 1533,
 294,
 1115,
 721,
 1767,
 2002,
 169,
 366,
 1540,
 1983,
 2113,
 1542,
 1854,
 2217,
 1544,
 1545,
 2402,
 1546,
 1903,
 1547,
 1594,
 2408,
 568,
 1549,
 570,
 1550,
 2762,
 578,
 1552,
 1553,
 2473,
 1554,
 2475,
 3196,
 3399,
 1555,
 2476,
 1557,
 2477,
 3859,
 1559,
 1561,
 1562,
 4340,
 1564,
 1565,
 2684,
 2685,
 4590,
 4815,
 2686,
 4591,
 2687,
 4114,
 4592,
 4121,
 4593,
 4966,
 5209,
 5046,
 5210,
 5316,
 384,
 2812,
 4962,
 5317,
 2692,
 5318,
 387,
 2693,
 2808,
 5319,
 1278,
 2694,
 5320,
 5482,
 2695,
 2801,
 5321,
 5483,
 2696,
 5322,
 5484,
 5598,
 2697,
 2799,
 5323,
 5485,
 2698,
 5324,
 5448,
 5488,
 2699,
 2940,
 5489,
 2700,
 5326,
 2701,
 2792,
 5327,
 1287,
 6232,
 27,
 44,
 712,
 1131,
 1409,
 191,
 585,
 1901,
 521,
 1591,
 522,
 368,
 2405,
 2533,
 2541,
 369,
 2469,
 2778,
 2470,
 2544,
 2866,
 2876,
 2546,
 3396,
 374,
 3831,
 2915,
 4072,
 4455,
 4526,
 4527,
 379,
 1269,
 2920,
 217,
 1270,
 4968,
 1271,
 4967,
 5111,
 219,
 1272,
 2688,
 4531,
 5114,
 1273,
 4964,
 252,
 1274,
 2690,
 2926,
 4963,
 1275,
 2691,
 270,
 1276,
 5273,
 5472,
 5563,
 1280,
 4048,
 5989,
 5475,
 1285,
 5477,
 6099,
 162,
 727,
 754,
 292,
 1234,
 190,
 166,
 536,
 1376,
 1605,
 539,
 1853,
 170,
 1250,
 541,
 1252,
 1464,
 542,
 1253,
 2358,
 1255,
 1904,
 2359,
 1256,
 2673,
 1257,
 2543,
 2674,
 734,
 1258,
 2675,
 2910,
 586,
 1259,
 2545,
 2676,
 1260,
 3271,
 1261,
 3576,
 1262,
 2678,
 210,
 1263,
 2680,
 375,
 1264,
 2681,
 1265,
 2682,
 4059,
 1266,
 2683,
 215,
 1267,
 4528,
 381,
 3304,
 4530,
 2925,
 4532,
 5116,
 5118,
 1277,
 2932,
 1279,
 1281,
 1282,
 1283,
 1284,
 6050,
 1286,
 6200,
 78,
 285,
 163,
 1093,
 1140,
 1201,
 1238,
 165,
 167,
 1840,
 538,
 2072,
 1402,
 1403,
 1404,
 1405,
 1902,
 2357,
 1254,
 1407,
 2519,
 2617,
 2621,
 2706,
 2772,
 2773,
 3023,
 206,
 3104,
 3189,
 372,
 208,
 3830,
 213,
 2918,
 4529,
 2924,
 5119,
 5120,
 4533,
 4534,
 5133,
 4535,
 5456,
 2933,
 5525,
 2938,
 5960,
 50,
 462,
 706,
 1077,
 1091,
 164,
 289,
 293,
 508,
 1408,
 1470,
 1527,
 537,
 196,
 1763,
 518,
 1249,
 198,
 1771,
 171,
 1855,
 2231,
 200,
 2232,
 2233,
 202,
 2234,
 2561,
 2507,
 2542,
 2715,
 2508,
 371,
 2913,
 2440,
 2919,
 4792,
 5146,
 5443,
 5819,
 1415,
 25,
 47,
 489,
 846,
 192,
 1129,
 1141,
 1165,
 509,
 1762,
 517,
 1831,
 540,
 2539,
 2356,
 2367,
 204,
 2434,
 2436,
 3608,
 1601,
 2439,
 3957,
 2442,
 2443,
 5685,
 4441,
 1458,
 43,
 45,
 48,
 520,
 535,
 187,
 503,
 1247,
 194,
 1478,
 1588,
 2428,
 2552,
 2579,
 2807,
 3024,
 3106,
 3181,
 3403,
 2437,
 2914,
 3850,
 2438,
 4095,
 2441,
 3148,
 3876,
 4371,
 5393,
 3939,
 5660,
 1019,
 510,
 1764,
 2071,
 2166,
 2429,
 2430,
 2431,
 2432,
 2711,
 2433,
 2435,
 3350,
 741,
 3369,
 5183,
 5174,
 3938,
 6042,
 1393,
 290,
 1481,
 832,
 2187,
 3375,
 3869,
 5179,
 5182,
 3933,
 3935,
 2944,
 6244,
 291,
 1585,
 1844,
 3588,
 3372,
 3895,
 3378,
 4788,
 3901,
 5391,
 3920,
 3924,
 5546,
 5774,
 3928,
 3929,
 3931,
 5979,
 5023,
 584,
 1649,
 2205,
 2211,
 2716,
 2757,
 2758,
 3890,
 3383,
 4108,
 3386,
 3907,
 3909,
 3914,
 3916,
 3919,
 3921,
 3925,
 5616,
 4804,
 4473,
 6108,
 6140,
 6167,
 498,
 543,
 1906,
 2220,
 3540,
 1659,
 1660,
 1661,
 1662,
 3897,
 1663,
 3899,
 1664,
 3900,
 4036,
 5650,
 6166,
 2613,
 5490,
 46,
 49,
 1411,
 1642,
 2108,
 1652,
 1654,
 2897,
 1656,
 1657,
 1658,
 3371,
 3888,
 3380,
 4017,
 1665,
 5232,
 2931,
 5809,
 2937,
 5837,
 4805,
 6123,
 1439,
 4471,
 5300,
 6098,
 18,
 791,
 1643,
 2067,
 1644,
 1646,
 1647,
 1650,
 1653,
 2213,
 1655,
 3366,
 2917,
 2922,
 5644,
 5643,
 5876,
 4470,
 6106,
 6215,
 1082,
 1366,
 606,
 1641,
 1645,
 1648,
 2191,
 2972,
 2763,
 1416,
 4803,
 1463,
 1441,
 4469,
 6165,
 74,
 75,
 901,
 1079,
 1833,
 2208,
 4279,
 4309,
 5123,
 4583,
 4460,
 5311,
 6104,
 2063,
 6228,
 73,
 76,
 77,
 181,
 2175,
 2415,
 1428,
 2912,
 3265,
 3280,
 1434,
 1422,
 1446,
 1427,
 1442,
 1448,
 4367,
 1432,
 1454,
 1438,
 1430,
 4443,
 4446,
 5307,
 1435,
 4458,
 5309,
 1392,
 5310,
 1456,
 5312,
 4467,
 5313,
 6055,
 997,
 5943,
 6233,
 80,
 81,
 1414,
 1590,
 1437,
 1417,
 1449,
 3521,
 1426,
 1420,
 1394,
 1461,
 4571,
 4814,
 1447,
 4575,
 5304,
 5305,
 5306,
 1421,
 1443,
 5308,
 6164,
 2612,
 4873,
 1450,
 1431,
 1592,
 1429,
 1445,
 2754,
 1444,
 4099,
 4255,
 4587,
 4298,
 4339,
 5029,
 4346,
 4369,
 5303,
 4461,
 4464,
 6095,
 2062,
 79,
 1418,
 1687,
 1440,
 1419,
 1433,
 2311,
 1423,
 2576,
 2752,
 2805,
 1599,
 3407,
 4022,
 4303,
 5172,
 4376,
 4412,
 4451,
 5931,
 6056,
 2061,
 5299,
 5555,
 6107,
 1425,
 2147,
 2218,
 2228,
 2268,
 2193,
 2726,
 4827,
 5505,
 2611,
 788,
 1378,
 2070,
 2615,
 1907,
 2610,
 5298,
 1074,
 665,
 998,
 999,
 1004,
 2117,
 1005,
 2148,
 2244,
 2409,
 2323,
 2324,
 2325,
 2326,
 2327,
 1600,
 3290,
 3088,
 5612,
 5792,
 2060,
 17,
 42,
 851,
 1611,
 1000,
 1768,
 1006,
 2317,
 1007,
 2318,
 1008,
 2320,
 2322,
 2709,
 2948,
 2894,
 2760,
 3826,
 3784,
 2058,
 2059,
 6110,
 37,
 179,
 491,
 1845,
 1001,
 1766,
 2204,
 2407,
 2554,
 2556,
 4051,
 4789,
 2057,
 2609,
 6163,
 5942,
 459,
 1144,
 1410,
 1412,
 2502,
 2723,
 3083,
 2387,
 3780,
 4882,
 4883,
 4884,
 4885,
 2056,
 5245,
 5297,
 5940,
 6189,
 996,
 6242,
 1790,
 783,
 2186,
 2274,
 2549,
 2623,
 2219,
 2195,
 2389,
 2901,
 3506,
 3071,
 3277,
 3205,
 4878,
 4879,
 2053,
 5487,
 5231,
 2055,
 2607,
 6111,
 490,
 900,
 1158,
 2065,
 2245,
 2396,
 2720,
 2034,
 2878,
 2390,
 3484,
 2386,
 2385,
 4342,
 3768,
 4344,
 3664,
 4880,
 4918,
 2047,
 5176,
 2051,
 2052,
 2054,
 2605,
 2606,
 5949,
 2608,
 6073,
 5296,
 4872,
 2235,
 2272,
 2031,
 2395,
 2032,
 2194,
 2393,
 2392,
 1761,
 2391,
 3577,
 3740,
 4289,
 4343,
 2044,
 2045,
 2046,
 2048,
 5261,
 2049,
 2050,
 3815,
 5205,
 5292,
 5294,
 6030,
 5295,
 6112,
 4568,
 4867,
 575,
 159,
 902,
 1570,
 2029,
 2397,
 2030,
 2033,
 2998,
 2035,
 1775,
 2036,
 3845,
 3717,
 3766,
 3817,
 2602,
 5293,
 6072,
 5939,
 4565,
 6255,
 845,
 184,
 1130,
 1138,
 527,
 975,
 1099,
 1150,
 1161,
 1769,
 2025,
 2026,
 2027,
 2028,
 1755,
 2767,
 3561,
 3816,
 5289,
 2603,
 2604,
 5858,
 995,
 6234,
 750,
 1018,
 1776,
 2717,
 3195,
 3810,
 3811,
 4100,
 4338,
 3770,
 3455,
 3773,
 2600,
 5287,
 2601,
 5288,
 5536,
 5290,
 5291,
 6036,
 5934,
 5936,
 352,
 1567,
 3370,
 3198,
 3247,
 3814,
 4921,
 3771,
 3774,
 5416,
 5820,
 5237,
 5880,
 5933,
 993,
 6249,
 994,
 1625,
 1829,
 2112,
 2237,
 2581,
 2770,
 2997,
 2586,
 2587,
 2589,
 2597,
 2598,
 5285,
 2599,
 5181,
 5286,
 5207,
 5238,
 4563,
 4564,
 4866,
 600,
 2580,
 2582,
 2583,
 2584,
 2585,
 3552,
 2588,
 2590,
 2591,
 4594,
 2592,
 2593,
 2594,
 2595,
 2596,
 5150,
 5239,
 4558,
 5198,
 4861,
 5907,
 5932,
 4865,
 779,
 1757,
 2201,
 2334,
 2494,
 1389,
 3103,
 3322,
 5009,
 5141,
 5173,
 5762,
 4859,
 4562,
 5935,
 4864,
 992,
 39,
 903,
 2084,
 2216,
 2412,
 2188,
 1386,
 1387,
 1391,
 3367,
 4550,
 4588,
 4782,
 4552,
 5810,
 4561,
 5812,
 5996,
 41,
 1624,
 1731,
 1847,
 1374,
 1375,
 1377,
 1383,
 1384,
 1385,
 3883,
 3229,
 4375,
 4505,
 4705,
 3288,
 3291,
 4974,
 5334,
 4557,
 5388,
 5349,
 5457,
 4560,
 4863,
 1371,
 1372,
 1373,
 3190,
 3220,
 5138,
 4556,
 5426,
 5473,
 5642,
 4858,
 787,
 1076,
 1231,
 1759,
 2251,
 365,
 2784,
 2887,
 2261,
 2262,
 3192,
 3273,
 3276,
 5314,
 5390,
 4853,
 4857,
 5554,
 987,
 5885,
 5992,
 6224,
 14,
 776,
 1068,
 1071,
 1085,
 1132,
 1118,
 358,
 2256,
 2967,
 2257,
 2263,
 4834,
 4839,
 4845,
 4846,
 5338,
 986,
 4856,
 4518,
 989,
 16,
 175,
 183,
 1075,
 360,
 361,
 2254,
 2255,
 4228,
 4837,
 4553,
 4840,
 4848,
 4851,
 4559,
 991,
 2197,
 356,
 359,
 2534,
 2247,
 2253,
 957,
 4211,
 4450,
 4503,
 4566,
 4907,
 5030,
 4555,
 5277,
 4849,
 985,
 351,
 15,
 38,
 1361,
 2069,
 344,
 1848,
 4551,
 4910,
 5128,
 5241,
 5427,
 990,
 158,
 302,
 2624,
 3191,
 3278,
 960,
 4508,
 4554,
 988,
 40,
 525,
 528,
 1777,
 532,
 944,
 2766,
 949,
 4288,
 978,
 513,
 529,
 530,
 533,
 2618,
 2740,
 1696,
 947,
 4081,
 4283,
 4480,
 965,
 984,
 13,
 512,
 526,
 1639,
 1689,
 2769,
 3539,
 3839,
 3843,
 4000,
 4655,
 976,
 924,
 2802,
 942,
 2782,
 3998,
 967,
 970,
 982,
 983,
 1607,
 611,
 921,
 2082,
 2538,
 1640,
 2670,
 952,
 954,
 962,
 981,
 5491,
 6216,
 705,
 908,
 1603,
 2115,
 926,
 2116,
 1612,
 2079,
 931,
 936,
 2663,
 972,
 350,
 581,
 1179,
 1181,
 1606,
 929,
 1610,
 939,
 2768,
 3043,
 172,
 778,
 506,
 918,
 1558,
 2075,
 457,
 906,
 911,
 916,
 2771,
 3020,
 2485,
 2486,
 2492,
 349,
 1352,
 934,
 2489,
 2488,
 2490,
 2491,
 6187,
 838,
 2484,
 36,
 914,
 2424,
 2427,
 2421,
 2425,
 2426,
 347,
 1522,
 1780,
 1781,
 1782,
 1783,
 1784,
 2780,
 1779,
 2531,
 567,
 569,
 583,
 1111,
 2563,
 346,
 1778,
 2565,
 2564,
 5581,
 5808,
 342,
 345,
 2828,
 2832,
 773,
 2830,
 4979,
 5062,
 5149,
 5839,
 1094,
 2815,
 2821,
 2825,
 2826,
 2834,
 4915,
 341,
 1705,
 2820,
 12,
 2570,
 2813,
 340,
 2551,
 2671,
 2573,
 2803,
 2791,
 338,
 339,
 3748,
 336,
 337,
 2094,
 4080,
 4457,
 515,
 514,
 334,
 335,
 736,
 331,
 322,
 329,
 11,
 323,
 326,
 327,
 330,
 1080,
 319,
 320,
 321,
 325,
 2127,
 317,
 316,
 318,
 9,
 740,
 745,
 747,
 2540,
 10,
 793,
 742,
 315,
 173,
 735,
 738,
 310,
 1195,
 313,
 314,
 720,
 723,
 733,
 1180,
 309,
 1186,
 1190,
 312,
 1200,
 579,
 1155,
 1178,
 1156,
 311,
 658,
 717,
 157,
 301,
 1104,
 305,
 306,
 307,
 308,
 178,
 710,
 300,
 1152,
 1173,
 103,
 155,
 299,
 156,
 1145,
 1164,
 303,
 1146,
 1166,
 304,
 1168,
 1106,
 1171,
 1149,
 1151,
 7,
 8,
 6,
 5,
 4,
 3,
 2,
 1]
