[762,
 1095,
 1148,
 1154,
 1157,
 1159,
 1160,
 1163,
 1169,
 2087,
 2090,
 2091,
 2093,
 2095,
 2097,
 2098,
 3177,
 2103,
 2110,
 2111,
 2120,
 2121,
 4293,
 2122,
 2123,
 2124,
 4032,
 2126,
 2130,
 2138,
 4674,
 4684,
 4687,
 4220,
 4688,
 4694,
 4698,
 4700,
 4702,
 4704,
 5816,
 4706,
 4710,
 5703,
 4718,
 4732,
 5732,
 6066,
 4752,
 6084,
 6115,
 4753,
 5972,
 4769,
 6203,
 6207,
 4771,
 6088,
 4055,
 4777,
 5538,
 5775,
 6091,
 6201,
 90,
 101,
 454,
 1485,
 1616,
 1617,
 1619,
 1490,
 2761,
 2753,
 2759,
 3145,
 3193,
 3199,
 3245,
 3610,
 3706,
 3707,
 4077,
 1987,
 2877,
 3708,
 4029,
 4098,
 2928,
 3709,
 4030,
 3113,
 3710,
 3802,
 4031,
 4212,
 4468,
 3711,
 3945,
 3151,
 3411,
 3712,
 3972,
 4876,
 3418,
 3713,
 4135,
 4909,
 4984,
 3714,
 4035,
 4275,
 4386,
 4923,
 3715,
 4172,
 4401,
 4928,
 4932,
 5142,
 3716,
 4960,
 5130,
 3718,
 4038,
 4223,
 4390,
 4679,
 4970,
 5175,
 5276,
 5302,
 3719,
 4039,
 5047,
 5332,
 5337,
 3721,
 4040,
 4989,
 5333,
 5372,
 3722,
 3875,
 4230,
 5112,
 5339,
 5533,
 3723,
 4042,
 4976,
 5347,
 5371,
 5570,
 5583,
 5599,
 3724,
 4043,
 5121,
 5348,
 5507,
 5603,
 5617,
 5654,
 5688,
 3725,
 4722,
 5132,
 5351,
 5514,
 5607,
 5619,
 5693,
 3726,
 4046,
 5134,
 5352,
 5532,
 5610,
 5620,
 5696,
 5879,
 4047,
 5056,
 5144,
 5535,
 5621,
 5638,
 5860,
 5888,
 5914,
 5957,
 5622,
 5875,
 5893,
 5910,
 5915,
 6012,
 6031,
 3729,
 4749,
 5623,
 5889,
 5894,
 6038,
 6039,
 6070,
 3730,
 4050,
 5624,
 5738,
 5895,
 5948,
 5970,
 5984,
 6052,
 6119,
 6124,
 3738,
 5626,
 5743,
 5896,
 5950,
 5998,
 6126,
 6146,
 6168,
 6172,
 4053,
 4765,
 5594,
 5627,
 5753,
 5952,
 5971,
 6078,
 6096,
 6129,
 6179,
 6191,
 4054,
 5066,
 5129,
 5628,
 5759,
 5898,
 5954,
 5973,
 6121,
 6132,
 6171,
 6180,
 6194,
 6197,
 6202,
 6219,
 6220,
 6243,
 1753,
 5067,
 5629,
 5667,
 5899,
 5955,
 5976,
 6071,
 6122,
 6181,
 6195,
 6206,
 6225,
 6248,
 6253,
 6258,
 22,
 24,
 84,
 87,
 91,
 786,
 905,
 1090,
 1239,
 1133,
 1241,
 1367,
 1406,
 1714,
 2227,
 1628,
 1718,
 2730,
 1631,
 2816,
 2969,
 1722,
 2818,
 3294,
 3578,
 3580,
 3594,
 3348,
 3840,
 4060,
 1637,
 1989,
 3072,
 3624,
 3625,
 3874,
 4112,
 4206,
 4439,
 4454,
 1991,
 3410,
 4377,
 4456,
 4472,
 4474,
 3846,
 3954,
 4378,
 3866,
 4033,
 4808,
 4385,
 4639,
 4812,
 4645,
 4823,
 5034,
 3885,
 4387,
 4651,
 4860,
 3682,
 4037,
 4282,
 4388,
 4871,
 5259,
 1737,
 3781,
 4284,
 5236,
 3803,
 4391,
 4423,
 4975,
 1739,
 5072,
 5140,
 1740,
 5074,
 5414,
 4306,
 5115,
 5591,
 4395,
 4981,
 5053,
 5613,
 5648,
 5737,
 4044,
 5054,
 5180,
 5799,
 5824,
 4724,
 4992,
 5580,
 5805,
 5833,
 5883,
 4419,
 4730,
 5582,
 5645,
 5785,
 4731,
 5647,
 5717,
 6035,
 5059,
 5589,
 5625,
 5649,
 5886,
 5937,
 5962,
 6023,
 5060,
 5853,
 6025,
 6125,
 1750,
 4052,
 4404,
 4762,
 5063,
 5592,
 5854,
 6026,
 5065,
 5202,
 6027,
 6120,
 6148,
 6211,
 1752,
 4406,
 4449,
 5595,
 5663,
 6028,
 6150,
 6241,
 5171,
 5596,
 6029,
 6210,
 6246,
 6250,
 67,
 68,
 88,
 89,
 794,
 1486,
 1711,
 1843,
 1488,
 1712,
 1875,
 1621,
 1885,
 2118,
 1899,
 2119,
 1715,
 1933,
 1945,
 1626,
 1716,
 1941,
 1947,
 2250,
 1627,
 1965,
 2505,
 1629,
 1719,
 1971,
 1972,
 1721,
 1973,
 1632,
 2817,
 3073,
 3179,
 1633,
 2836,
 1634,
 1980,
 2819,
 3562,
 1982,
 3347,
 3852,
 3871,
 1726,
 1984,
 3342,
 3854,
 3940,
 4028,
 1727,
 2883,
 3622,
 4079,
 1728,
 3368,
 3767,
 3834,
 4008,
 3340,
 3626,
 4010,
 4383,
 1730,
 3034,
 4240,
 4599,
 4696,
 4780,
 1732,
 3668,
 4248,
 4384,
 4637,
 4034,
 4972,
 3585,
 4927,
 1736,
 3586,
 4192,
 4652,
 5151,
 3977,
 5079,
 1738,
 3979,
 4302,
 4685,
 5260,
 5272,
 4304,
 4368,
 4392,
 5048,
 5081,
 5408,
 5459,
 4393,
 5082,
 5460,
 1741,
 4119,
 4394,
 5108,
 5571,
 4719,
 5576,
 5672,
 5770,
 4396,
 4986,
 5578,
 4398,
 5615,
 5640,
 5874,
 5878,
 4399,
 4993,
 5087,
 5964,
 1747,
 5058,
 5585,
 5956,
 5999,
 6022,
 1748,
 4402,
 5089,
 5852,
 1749,
 4403,
 4757,
 5026,
 6133,
 5028,
 5167,
 6065,
 1751,
 4405,
 5897,
 6170,
 6213,
 4773,
 5093,
 5503,
 6082,
 6089,
 6212,
 4407,
 4452,
 4778,
 5131,
 6000,
 6094,
 6254,
 69,
 72,
 85,
 86,
 556,
 676,
 1097,
 1021,
 612,
 678,
 1022,
 1368,
 1460,
 679,
 1492,
 1510,
 1024,
 659,
 1025,
 1026,
 1489,
 1713,
 1027,
 555,
 1028,
 1029,
 686,
 1030,
 1717,
 1952,
 2333,
 730,
 2352,
 2527,
 1720,
 2626,
 690,
 2627,
 1977,
 2629,
 2810,
 1723,
 1959,
 2630,
 1724,
 2631,
 3560,
 1725,
 1963,
 3281,
 3734,
 3813,
 1636,
 1966,
 3634,
 3819,
 4101,
 3298,
 3351,
 3857,
 3965,
 4287,
 4294,
 4295,
 1638,
 3303,
 3805,
 4336,
 1729,
 3638,
 4364,
 4567,
 4608,
 4073,
 4234,
 4874,
 3863,
 4252,
 4286,
 4409,
 4930,
 1734,
 2898,
 3037,
 3677,
 3943,
 4138,
 4237,
 4476,
 5027,
 5039,
 5103,
 1735,
 5104,
 5136,
 5139,
 3646,
 4242,
 5105,
 5068,
 5154,
 5335,
 5197,
 5336,
 4117,
 4691,
 5417,
 4305,
 4425,
 5050,
 5157,
 5203,
 5418,
 3992,
 4250,
 4699,
 5168,
 5419,
 5575,
 1742,
 5420,
 5705,
 5746,
 1744,
 5160,
 5421,
 5565,
 5830,
 5055,
 5422,
 5671,
 5725,
 5782,
 1746,
 5882,
 5163,
 5787,
 5986,
 6033,
 6037,
 6067,
 6083,
 6116,
 5346,
 5092,
 5519,
 5869,
 6151,
 5100,
 5265,
 6159,
 6221,
 32,
 61,
 64,
 65,
 71,
 93,
 95,
 97,
 675,
 713,
 899,
 1020,
 1453,
 1023,
 647,
 680,
 681,
 664,
 1760,
 683,
 2225,
 685,
 1949,
 2330,
 2504,
 687,
 1031,
 688,
 1953,
 2625,
 2628,
 2672,
 689,
 1630,
 2530,
 2666,
 2712,
 2903,
 737,
 2824,
 3344,
 3406,
 1960,
 3546,
 2779,
 2844,
 3862,
 2578,
 2868,
 3293,
 746,
 3031,
 3567,
 3636,
 4111,
 3032,
 3841,
 4337,
 3690,
 4229,
 4809,
 3035,
 3952,
 3996,
 4372,
 4877,
 1733,
 3036,
 3223,
 3642,
 3691,
 4236,
 4988,
 4926,
 3038,
 3970,
 4239,
 4570,
 3039,
 3976,
 4601,
 5106,
 3040,
 3647,
 3683,
 4422,
 4708,
 5020,
 5195,
 3041,
 4784,
 5069,
 5113,
 3985,
 4424,
 4875,
 4969,
 5022,
 5199,
 5208,
 5411,
 4905,
 4973,
 5107,
 5492,
 5511,
 5526,
 4251,
 5204,
 5508,
 5609,
 5097,
 5189,
 5510,
 5724,
 5797,
 5856,
 5857,
 5864,
 5513,
 5726,
 5912,
 5967,
 5014,
 5515,
 5865,
 5884,
 5908,
 5974,
 5987,
 4442,
 5015,
 5516,
 5977,
 5988,
 6060,
 6061,
 5500,
 5517,
 5590,
 5866,
 5990,
 6058,
 6118,
 5501,
 6085,
 6100,
 6114,
 6145,
 6186,
 5011,
 5124,
 6101,
 6162,
 6184,
 6199,
 5012,
 5859,
 6102,
 6152,
 6156,
 6196,
 6240,
 5387,
 5504,
 6103,
 28,
 96,
 502,
 1014,
 1237,
 1832,
 1670,
 682,
 722,
 2209,
 2215,
 684,
 2226,
 2267,
 2526,
 2455,
 2662,
 2774,
 2525,
 3188,
 739,
 2731,
 3352,
 3409,
 3178,
 2797,
 3735,
 748,
 3568,
 3022,
 3345,
 3547,
 3570,
 3639,
 3959,
 3549,
 3571,
 4811,
 4913,
 5032,
 5035,
 4408,
 4933,
 5188,
 4965,
 4997,
 5044,
 4440,
 3989,
 5234,
 5375,
 4380,
 5001,
 5186,
 5002,
 5135,
 5509,
 5191,
 5636,
 5723,
 5786,
 5512,
 5005,
 5006,
 5806,
 5008,
 5345,
 2306,
 4447,
 5010,
 5384,
 6138,
 6143,
 2307,
 4763,
 5169,
 5385,
 2309,
 4764,
 5386,
 5905,
 4855,
 5013,
 5906,
 6182,
 6222,
 30,
 31,
 66,
 70,
 92,
 1162,
 719,
 1834,
 286,
 2068,
 674,
 724,
 2230,
 2414,
 2548,
 2550,
 2668,
 2522,
 2777,
 2966,
 3146,
 3180,
 3404,
 2736,
 2839,
 3563,
 3584,
 2737,
 3565,
 3629,
 3566,
 2742,
 3958,
 2743,
 3860,
 2744,
 2745,
 3559,
 4813,
 4990,
 2746,
 3274,
 3564,
 4994,
 2747,
 4665,
 4995,
 5018,
 5038,
 5152,
 2749,
 4996,
 5019,
 5042,
 4895,
 5110,
 4428,
 4922,
 4998,
 5021,
 5155,
 5392,
 2296,
 4999,
 5057,
 2297,
 4678,
 5000,
 5061,
 5742,
 2300,
 4414,
 5003,
 5378,
 5573,
 5745,
 5798,
 2301,
 5004,
 5341,
 5379,
 5838,
 5887,
 4721,
 5380,
 5194,
 5343,
 5381,
 5900,
 5007,
 5164,
 5344,
 5382,
 2305,
 5383,
 6185,
 4448,
 4627,
 6154,
 6188,
 4628,
 6217,
 2310,
 4766,
 5394,
 20,
 51,
 53,
 60,
 613,
 1167,
 2074,
 2125,
 2240,
 2331,
 2241,
 2276,
 2404,
 2513,
 2278,
 2514,
 2279,
 2515,
 2280,
 2516,
 2524,
 2733,
 2734,
 2283,
 2735,
 3130,
 2284,
 1635,
 3141,
 3865,
 2286,
 2738,
 2872,
 3795,
 2739,
 3152,
 3949,
 2741,
 3153,
 2289,
 3154,
 3917,
 3155,
 3579,
 4656,
 2893,
 4919,
 2290,
 3160,
 2291,
 3176,
 5017,
 2292,
 3964,
 2293,
 4667,
 2294,
 4360,
 2295,
 4673,
 5373,
 4676,
 5184,
 5374,
 3971,
 5185,
 2298,
 3974,
 5064,
 5158,
 5376,
 2299,
 4618,
 5178,
 5377,
 5777,
 4619,
 4620,
 4720,
 5161,
 5190,
 5871,
 2302,
 4621,
 5890,
 2303,
 4400,
 4623,
 4723,
 2304,
 4624,
 4725,
 4625,
 5200,
 5902,
 4626,
 6090,
 5170,
 6178,
 6256,
 33,
 34,
 1396,
 630,
 1229,
 1397,
 1398,
 2088,
 2005,
 2146,
 2275,
 691,
 2266,
 2355,
 2466,
 2277,
 2496,
 2523,
 2509,
 2788,
 2281,
 2796,
 2968,
 2282,
 2886,
 3249,
 2755,
 3139,
 3201,
 3607,
 2285,
 3746,
 3788,
 3142,
 3947,
 2287,
 2880,
 3744,
 3804,
 2288,
 3807,
 3951,
 2909,
 3822,
 3960,
 4603,
 3157,
 3760,
 3828,
 3961,
 3759,
 3832,
 3962,
 4607,
 4660,
 3758,
 3833,
 3963,
 4609,
 4663,
 3756,
 3838,
 4612,
 3755,
 3884,
 4613,
 4670,
 3754,
 4614,
 5192,
 3969,
 4615,
 4616,
 4617,
 4682,
 5444,
 4713,
 5811,
 5531,
 5978,
 5982,
 5795,
 5901,
 5983,
 4759,
 5166,
 4761,
 5903,
 6183,
 5368,
 5904,
 6177,
 5369,
 6229,
 5370,
 19,
 21,
 29,
 54,
 847,
 566,
 221,
 1400,
 2000,
 2080,
 2206,
 2498,
 524,
 2499,
 1595,
 2719,
 2751,
 3312,
 3362,
 3745,
 2895,
 3763,
 4379,
 3762,
 3812,
 3848,
 2891,
 3761,
 4606,
 4657,
 3757,
 3835,
 4611,
 5143,
 5271,
 3904,
 3967,
 3968,
 5357,
 5407,
 4797,
 5301,
 5358,
 5406,
 4680,
 5405,
 5600,
 5159,
 5360,
 5404,
 5403,
 5362,
 5402,
 5363,
 5401,
 5364,
 5365,
 5366,
 5367,
 5807,
 6175,
 5928,
 5929,
 5481,
 759,
 1291,
 1743,
 1349,
 2109,
 1950,
 2500,
 2669,
 2714,
 2501,
 2710,
 2845,
 2846,
 2847,
 2848,
 2849,
 2853,
 2857,
 3990,
 2860,
 4088,
 2862,
 4638,
 4602,
 5040,
 5101,
 3891,
 3966,
 5153,
 5249,
 5356,
 4796,
 5359,
 5361,
 5162,
 6011,
 4049,
 6046,
 5922,
 6142,
 4807,
 6190,
 6226,
 2532,
 26,
 160,
 823,
 907,
 909,
 910,
 912,
 913,
 915,
 917,
 919,
 920,
 2537,
 2342,
 3182,
 3416,
 3829,
 4791,
 4221,
 5267,
 5268,
 4795,
 5156,
 5270,
 5608,
 4800,
 4802,
 5917,
 5920,
 5921,
 4806,
 4500,
 4502,
 5930,
 6257,
 98,
 100,
 1044,
 1126,
 1758,
 1128,
 2168,
 2264,
 2332,
 2335,
 2338,
 2339,
 2569,
 2340,
 2341,
 2343,
 2265,
 4459,
 5031,
 4794,
 5269,
 5252,
 5776,
 5794,
 5945,
 5919,
 6117,
 4499,
 35,
 287,
 904,
 1083,
 1123,
 1124,
 1235,
 1125,
 1127,
 2004,
 3587,
 4070,
 1477,
 1479,
 4586,
 4482,
 4916,
 4483,
 5070,
 4793,
 5264,
 5340,
 5436,
 5439,
 4493,
 5789,
 4801,
 5851,
 4497,
 6043,
 6044,
 6045,
 82,
 1452,
 1455,
 1457,
 1459,
 531,
 1466,
 1467,
 1468,
 1472,
 1474,
 1475,
 2843,
 4485,
 4486,
 2814,
 4487,
 4488,
 4426,
 4492,
 4494,
 6040,
 6041,
 1765,
 523,
 3405,
 2864,
 4041,
 1745,
 6001,
 757,
 5036,
 2217,
 4114,
 4121,
 522,
 217,
 4048,
 210,
 215,
 6050,
 6200,
 78,
 1093,
 1201,
 1402,
 1403,
 1404,
 1405,
 1407,
 2617,
 2706,
 2772,
 2773,
 206,
 3104,
 1763,
 4792,
 5146,
 5443,
 5685,
 1247,
 3939,
 5660,
 1019,
 3938,
 6042,
 3933,
 3935,
 3588,
 3895,
 4788,
 3901,
 3920,
 3924,
 3928,
 3929,
 3931,
 5023,
 2205,
 3890,
 3907,
 3909,
 3914,
 3916,
 3919,
 3921,
 3925,
 5616,
 6167,
 3540,
 1659,
 1660,
 1661,
 1662,
 3897,
 1663,
 3899,
 1664,
 3900,
 4036,
 5650,
 6166,
 5490,
 1411,
 1642,
 2108,
 1652,
 1654,
 1656,
 1657,
 1658,
 3888,
 4017,
 1665,
 5232,
 6098,
 1643,
 2067,
 1644,
 1646,
 1647,
 1650,
 1653,
 1655,
 5643,
 1366,
 1641,
 1645,
 1648,
 2191,
 4803,
 74,
 75,
 901,
 1833,
 73,
 76,
 77,
 181,
 2175,
 2415,
 5943,
 80,
 81,
 6164,
 79,
 1687,
 6107,
 1378,
 851,
 179,
 6111,
 6112,
 6072,
 5858,
 5820,
 5880,
 1847,
 2251,
 2534]
